Residue_Number,Residue_Name,Window,Hydropathy_Cutoff,Minimum_Blob_Length,blob_length,Normalized_Mean_Blob_Hydropathy,Min_Blob_Hydropathy,Blob_Type,Blob_Index_Number,Blob_Das-Pappu_Class,Blob_NCPR,Fraction_of_Positively_Charged_Residues,Fraction_of_Negatively_Charged_Residues,Fraction_of_Charged_Residues,Uversky_Diagram_Score,dSNP_enrichment,Blob_Disorder,Normalized_Kyte-Doolittle_hydropathy,Kyte-Doolittle_hydropathy
1,M,3,0.4,4,9,0.5975308641975309,0.0,h,h1,1,0.0,0.1111111111111111,0.1111111111111111,0.2222222222222222,-0.17367438066144394,3.92,0.0,0.7111111111111111,1.9000000000000004
2,N,3,0.4,4,9,0.5975308641975309,0.0,h,h1,1,0.0,0.1111111111111111,0.1111111111111111,0.2222222222222222,-0.17367438066144394,3.92,0.0,0.1111111111111111,-3.5
3,I,3,0.4,4,9,0.5975308641975309,0.0,h,h1,1,0.0,0.1111111111111111,0.1111111111111111,0.2222222222222222,-0.17367438066144394,3.92,0.0,1.0,4.5
4,F,3,0.4,4,9,0.5975308641975309,0.0,h,h1,1,0.0,0.1111111111111111,0.1111111111111111,0.2222222222222222,-0.17367438066144394,3.92,0.0,0.8111111111111111,2.8
5,E,3,0.4,4,9,0.5975308641975309,0.0,h,h1,1,0.0,0.1111111111111111,0.1111111111111111,0.2222222222222222,-0.17367438066144394,3.92,0.0,0.1111111111111111,-3.5
6,M,3,0.4,4,9,0.5975308641975309,0.0,h,h1,1,0.0,0.1111111111111111,0.1111111111111111,0.2222222222222222,-0.17367438066144394,3.92,0.0,0.7111111111111111,1.9000000000000004
7,L,3,0.4,4,9,0.5975308641975309,0.0,h,h1,1,0.0,0.1111111111111111,0.1111111111111111,0.2222222222222222,-0.17367438066144394,3.92,0.0,0.9222222222222223,3.8000000000000007
8,R,3,0.4,4,9,0.5975308641975309,0.0,h,h1,1,0.0,0.1111111111111111,0.1111111111111111,0.2222222222222222,-0.17367438066144394,3.92,0.0,0.0,-4.5
9,I,3,0.4,4,9,0.5975308641975309,0.0,h,h1,1,0.0,0.1111111111111111,0.1111111111111111,0.2222222222222222,-0.17367438066144394,3.92,0.0,1.0,4.5
10,D,3,0.4,4,17,0.3673202614379085,0.0,p,p1,3,-0.058823529411764705,0.17647058823529413,0.23529411764705882,0.4117647058823529,0.06287118015978278,0.0,0.0,0.1111111111111111,-3.5
11,E,3,0.4,4,17,0.3673202614379085,0.0,p,p1,3,-0.058823529411764705,0.17647058823529413,0.23529411764705882,0.4117647058823529,0.06287118015978278,0.0,0.0,0.1111111111111111,-3.5
12,G,3,0.4,4,17,0.3673202614379085,0.0,p,p1,3,-0.058823529411764705,0.17647058823529413,0.23529411764705882,0.4117647058823529,0.06287118015978278,0.0,0.0,0.4555555555555555,-0.40000000000000036
13,L,3,0.4,4,17,0.3673202614379085,0.0,p,p1,3,-0.058823529411764705,0.17647058823529413,0.23529411764705882,0.4117647058823529,0.06287118015978278,0.0,0.0,0.9222222222222223,3.8000000000000007
14,R,3,0.4,4,17,0.3673202614379085,0.0,p,p1,3,-0.058823529411764705,0.17647058823529413,0.23529411764705882,0.4117647058823529,0.06287118015978278,0.0,0.0,0.0,-4.5
15,L,3,0.4,4,17,0.3673202614379085,0.0,p,p1,3,-0.058823529411764705,0.17647058823529413,0.23529411764705882,0.4117647058823529,0.06287118015978278,0.0,0.0,0.9222222222222223,3.8000000000000007
16,K,3,0.4,4,17,0.3673202614379085,0.0,p,p1,3,-0.058823529411764705,0.17647058823529413,0.23529411764705882,0.4117647058823529,0.06287118015978278,0.0,0.0,0.06666666666666668,-3.9
17,I,3,0.4,4,17,0.3673202614379085,0.0,p,p1,3,-0.058823529411764705,0.17647058823529413,0.23529411764705882,0.4117647058823529,0.06287118015978278,0.0,0.0,1.0,4.5
18,Y,3,0.4,4,17,0.3673202614379085,0.0,p,p1,3,-0.058823529411764705,0.17647058823529413,0.23529411764705882,0.4117647058823529,0.06287118015978278,0.0,0.0,0.35555555555555557,-1.2999999999999998
19,K,3,0.4,4,17,0.3673202614379085,0.0,p,p1,3,-0.058823529411764705,0.17647058823529413,0.23529411764705882,0.4117647058823529,0.06287118015978278,0.0,0.0,0.06666666666666668,-3.9
20,D,3,0.4,4,17,0.3673202614379085,0.0,p,p1,3,-0.058823529411764705,0.17647058823529413,0.23529411764705882,0.4117647058823529,0.06287118015978278,0.0,0.0,0.1111111111111111,-3.5
21,T,3,0.4,4,17,0.3673202614379085,0.0,p,p1,3,-0.058823529411764705,0.17647058823529413,0.23529411764705882,0.4117647058823529,0.06287118015978278,0.0,0.0,0.4222222222222222,-0.7000000000000002
22,E,3,0.4,4,17,0.3673202614379085,0.0,p,p1,3,-0.058823529411764705,0.17647058823529413,0.23529411764705882,0.4117647058823529,0.06287118015978278,0.0,0.0,0.1111111111111111,-3.5
23,G,3,0.4,4,17,0.3673202614379085,0.0,p,p1,3,-0.058823529411764705,0.17647058823529413,0.23529411764705882,0.4117647058823529,0.06287118015978278,0.0,0.0,0.4555555555555555,-0.40000000000000036
24,Y,3,0.4,4,17,0.3673202614379085,0.0,p,p1,3,-0.058823529411764705,0.17647058823529413,0.23529411764705882,0.4117647058823529,0.06287118015978278,0.0,0.0,0.35555555555555557,-1.2999999999999998
25,Y,3,0.4,4,17,0.3673202614379085,0.0,p,p1,3,-0.058823529411764705,0.17647058823529413,0.23529411764705882,0.4117647058823529,0.06287118015978278,0.0,0.0,0.35555555555555557,-1.2999999999999998
26,T,3,0.4,4,17,0.3673202614379085,0.0,p,p1,3,-0.058823529411764705,0.17647058823529413,0.23529411764705882,0.4117647058823529,0.06287118015978278,0.0,0.0,0.4222222222222222,-0.7000000000000002
27,I,3,0.4,4,9,0.5987654320987654,0.06666666666666668,h,h2a,1,0.1111111111111111,0.1111111111111111,0.0,0.1111111111111111,-0.13728725840844727,0.61,0.0,1.0,4.5
28,G,3,0.4,4,9,0.5987654320987654,0.06666666666666668,h,h2a,1,0.1111111111111111,0.1111111111111111,0.0,0.1111111111111111,-0.13728725840844727,0.61,0.0,0.4555555555555555,-0.40000000000000036
29,I,3,0.4,4,9,0.5987654320987654,0.06666666666666668,h,h2a,1,0.1111111111111111,0.1111111111111111,0.0,0.1111111111111111,-0.13728725840844727,0.61,0.0,1.0,4.5
30,G,3,0.4,4,9,0.5987654320987654,0.06666666666666668,h,h2a,1,0.1111111111111111,0.1111111111111111,0.0,0.1111111111111111,-0.13728725840844727,0.61,0.0,0.4555555555555555,-0.40000000000000036
31,H,3,0.4,4,9,0.5987654320987654,0.06666666666666668,h,h2a,1,0.1111111111111111,0.1111111111111111,0.0,0.1111111111111111,-0.13728725840844727,0.61,0.0,0.14444444444444443,-3.2
32,L,3,0.4,4,9,0.5987654320987654,0.06666666666666668,h,h2a,1,0.1111111111111111,0.1111111111111111,0.0,0.1111111111111111,-0.13728725840844727,0.61,0.0,0.9222222222222223,3.8000000000000007
33,L,3,0.4,4,9,0.5987654320987654,0.06666666666666668,h,h2a,1,0.1111111111111111,0.1111111111111111,0.0,0.1111111111111111,-0.13728725840844727,0.61,0.0,0.9222222222222223,3.8000000000000007
34,T,3,0.4,4,9,0.5987654320987654,0.06666666666666668,h,h2a,1,0.1111111111111111,0.1111111111111111,0.0,0.1111111111111111,-0.13728725840844727,0.61,0.0,0.4222222222222222,-0.7000000000000002
35,K,3,0.4,4,9,0.5987654320987654,0.06666666666666668,h,h2a,1,0.1111111111111111,0.1111111111111111,0.0,0.1111111111111111,-0.13728725840844727,0.61,0.0,0.06666666666666668,-3.9
36,S,3,0.4,4,3,0.3814814814814815,0.3222222222222222,s,s1,1,0.0,0.0,0.0,0.0,0.029664193070761093,0.0,0.0,0.41111111111111115,-0.7999999999999998
37,P,3,0.4,4,3,0.3814814814814815,0.3222222222222222,s,s1,1,0.0,0.0,0.0,0.0,0.029664193070761093,0.0,0.0,0.3222222222222222,-1.6000000000000005
38,S,3,0.4,4,3,0.3814814814814815,0.3222222222222222,s,s1,1,0.0,0.0,0.0,0.0,0.029664193070761093,0.0,0.0,0.41111111111111115,-0.7999999999999998
39,L,3,0.4,4,5,0.5,0.06666666666666668,h,h2b,1,0.2,0.2,0.0,0.2,-0.014293236277123244,0.75,0.0,0.9222222222222223,3.8000000000000007
40,N,3,0.4,4,5,0.5,0.06666666666666668,h,h2b,1,0.2,0.2,0.0,0.2,-0.014293236277123244,0.75,0.0,0.1111111111111111,-3.5
41,A,3,0.4,4,5,0.5,0.06666666666666668,h,h2b,1,0.2,0.2,0.0,0.2,-0.014293236277123244,0.75,0.0,0.7,1.7999999999999998
42,A,3,0.4,4,5,0.5,0.06666666666666668,h,h2b,1,0.2,0.2,0.0,0.2,-0.014293236277123244,0.75,0.0,0.7,1.7999999999999998
43,K,3,0.4,4,5,0.5,0.06666666666666668,h,h2b,1,0.2,0.2,0.0,0.2,-0.014293236277123244,0.75,0.0,0.06666666666666668,-3.9
44,S,3,0.4,4,12,0.39814814814814814,0.0,p,p2,2,0.0,0.16666666666666666,0.16666666666666666,0.3333333333333333,0.013978074525705281,0.0,0.0,0.41111111111111115,-0.7999999999999998
45,E,3,0.4,4,12,0.39814814814814814,0.0,p,p2,2,0.0,0.16666666666666666,0.16666666666666666,0.3333333333333333,0.013978074525705281,0.0,0.0,0.1111111111111111,-3.5
46,L,3,0.4,4,12,0.39814814814814814,0.0,p,p2,2,0.0,0.16666666666666666,0.16666666666666666,0.3333333333333333,0.013978074525705281,0.0,0.0,0.9222222222222223,3.8000000000000007
47,D,3,0.4,4,12,0.39814814814814814,0.0,p,p2,2,0.0,0.16666666666666666,0.16666666666666666,0.3333333333333333,0.013978074525705281,0.0,0.0,0.1111111111111111,-3.5
48,K,3,0.4,4,12,0.39814814814814814,0.0,p,p2,2,0.0,0.16666666666666666,0.16666666666666666,0.3333333333333333,0.013978074525705281,0.0,0.0,0.06666666666666668,-3.9
49,A,3,0.4,4,12,0.39814814814814814,0.0,p,p2,2,0.0,0.16666666666666666,0.16666666666666666,0.3333333333333333,0.013978074525705281,0.0,0.0,0.7,1.7999999999999998
50,I,3,0.4,4,12,0.39814814814814814,0.0,p,p2,2,0.0,0.16666666666666666,0.16666666666666666,0.3333333333333333,0.013978074525705281,0.0,0.0,1.0,4.5
51,G,3,0.4,4,12,0.39814814814814814,0.0,p,p2,2,0.0,0.16666666666666666,0.16666666666666666,0.3333333333333333,0.013978074525705281,0.0,0.0,0.4555555555555555,-0.40000000000000036
52,R,3,0.4,4,12,0.39814814814814814,0.0,p,p2,2,0.0,0.16666666666666666,0.16666666666666666,0.3333333333333333,0.013978074525705281,0.0,0.0,0.0,-4.5
53,N,3,0.4,4,12,0.39814814814814814,0.0,p,p2,2,0.0,0.16666666666666666,0.16666666666666666,0.3333333333333333,0.013978074525705281,0.0,0.0,0.1111111111111111,-3.5
54,C,3,0.4,4,12,0.39814814814814814,0.0,p,p2,2,0.0,0.16666666666666666,0.16666666666666666,0.3333333333333333,0.013978074525705281,0.0,0.0,0.7777777777777778,2.5
55,N,3,0.4,4,12,0.39814814814814814,0.0,p,p2,2,0.0,0.16666666666666666,0.16666666666666666,0.3333333333333333,0.013978074525705281,0.0,0.0,0.1111111111111111,-3.5
56,G,3,0.4,4,5,0.5822222222222222,0.06666666666666668,h,h3,1,0.2,0.2,0.0,0.2,-0.09167808776606519,0.75,0.0,0.4555555555555555,-0.40000000000000036
57,V,3,0.4,4,5,0.5822222222222222,0.06666666666666668,h,h3,1,0.2,0.2,0.0,0.2,-0.09167808776606519,0.75,0.0,0.9666666666666666,4.199999999999999
58,I,3,0.4,4,5,0.5822222222222222,0.06666666666666668,h,h3,1,0.2,0.2,0.0,0.2,-0.09167808776606519,0.75,0.0,1.0,4.5
59,T,3,0.4,4,5,0.5822222222222222,0.06666666666666668,h,h3,1,0.2,0.2,0.0,0.2,-0.09167808776606519,0.75,0.0,0.4222222222222222,-0.7000000000000002
60,K,3,0.4,4,5,0.5822222222222222,0.06666666666666668,h,h3,1,0.2,0.2,0.0,0.2,-0.09167808776606519,0.75,0.0,0.06666666666666668,-3.9
61,D,3,0.4,4,12,0.3537037037037037,0.06666666666666668,p,p3,3,-0.3333333333333333,0.08333333333333333,0.4166666666666667,0.5,0.16845489485930104,0.0,0.0,0.1111111111111111,-3.5
62,E,3,0.4,4,12,0.3537037037037037,0.06666666666666668,p,p3,3,-0.3333333333333333,0.08333333333333333,0.4166666666666667,0.5,0.16845489485930104,0.0,0.0,0.1111111111111111,-3.5
63,A,3,0.4,4,12,0.3537037037037037,0.06666666666666668,p,p3,3,-0.3333333333333333,0.08333333333333333,0.4166666666666667,0.5,0.16845489485930104,0.0,0.0,0.7,1.7999999999999998
64,E,3,0.4,4,12,0.3537037037037037,0.06666666666666668,p,p3,3,-0.3333333333333333,0.08333333333333333,0.4166666666666667,0.5,0.16845489485930104,0.0,0.0,0.1111111111111111,-3.5
65,K,3,0.4,4,12,0.3537037037037037,0.06666666666666668,p,p3,3,-0.3333333333333333,0.08333333333333333,0.4166666666666667,0.5,0.16845489485930104,0.0,0.0,0.06666666666666668,-3.9
66,L,3,0.4,4,12,0.3537037037037037,0.06666666666666668,p,p3,3,-0.3333333333333333,0.08333333333333333,0.4166666666666667,0.5,0.16845489485930104,0.0,0.0,0.9222222222222223,3.8000000000000007
67,F,3,0.4,4,12,0.3537037037037037,0.06666666666666668,p,p3,3,-0.3333333333333333,0.08333333333333333,0.4166666666666667,0.5,0.16845489485930104,0.0,0.0,0.8111111111111111,2.8
68,N,3,0.4,4,12,0.3537037037037037,0.06666666666666668,p,p3,3,-0.3333333333333333,0.08333333333333333,0.4166666666666667,0.5,0.16845489485930104,0.0,0.0,0.1111111111111111,-3.5
69,Q,3,0.4,4,12,0.3537037037037037,0.06666666666666668,p,p3,3,-0.3333333333333333,0.08333333333333333,0.4166666666666667,0.5,0.16845489485930104,0.0,0.0,0.1111111111111111,-3.5
70,D,3,0.4,4,12,0.3537037037037037,0.06666666666666668,p,p3,3,-0.3333333333333333,0.08333333333333333,0.4166666666666667,0.5,0.16845489485930104,0.0,0.0,0.1111111111111111,-3.5
71,V,3,0.4,4,12,0.3537037037037037,0.06666666666666668,p,p3,3,-0.3333333333333333,0.08333333333333333,0.4166666666666667,0.5,0.16845489485930104,0.0,0.0,0.9666666666666666,4.199999999999999
72,D,3,0.4,4,12,0.3537037037037037,0.06666666666666668,p,p3,3,-0.3333333333333333,0.08333333333333333,0.4166666666666667,0.5,0.16845489485930104,0.0,0.0,0.1111111111111111,-3.5
73,A,3,0.4,4,8,0.5930555555555556,0.0,h,h4,2,0.25,0.25,0.0,0.25,-0.0849769891883345,0.0,0.0,0.7,1.7999999999999998
74,A,3,0.4,4,8,0.5930555555555556,0.0,h,h4,2,0.25,0.25,0.0,0.25,-0.0849769891883345,0.0,0.0,0.7,1.7999999999999998
75,V,3,0.4,4,8,0.5930555555555556,0.0,h,h4,2,0.25,0.25,0.0,0.25,-0.0849769891883345,0.0,0.0,0.9666666666666666,4.199999999999999
76,R,3,0.4,4,8,0.5930555555555556,0.0,h,h4,2,0.25,0.25,0.0,0.25,-0.0849769891883345,0.0,0.0,0.0,-4.5
77,G,3,0.4,4,8,0.5930555555555556,0.0,h,h4,2,0.25,0.25,0.0,0.25,-0.0849769891883345,0.0,0.0,0.4555555555555555,-0.40000000000000036
78,I,3,0.4,4,8,0.5930555555555556,0.0,h,h4,2,0.25,0.25,0.0,0.25,-0.0849769891883345,0.0,0.0,1.0,4.5
79,L,3,0.4,4,8,0.5930555555555556,0.0,h,h4,2,0.25,0.25,0.0,0.25,-0.0849769891883345,0.0,0.0,0.9222222222222223,3.8000000000000007
80,R,3,0.4,4,8,0.5930555555555556,0.0,h,h4,2,0.25,0.25,0.0,0.25,-0.0849769891883345,0.0,0.0,0.0,-4.5
81,N,3,0.4,4,5,0.37333333333333335,0.06666666666666668,p,p4,5,0.4,0.4,0.0,0.4,0.1725095671933691,0.0,0.0,0.1111111111111111,-3.5
82,A,3,0.4,4,5,0.37333333333333335,0.06666666666666668,p,p4,5,0.4,0.4,0.0,0.4,0.1725095671933691,0.0,0.0,0.7,1.7999999999999998
83,K,3,0.4,4,5,0.37333333333333335,0.06666666666666668,p,p4,5,0.4,0.4,0.0,0.4,0.1725095671933691,0.0,0.0,0.06666666666666668,-3.9
84,L,3,0.4,4,5,0.37333333333333335,0.06666666666666668,p,p4,5,0.4,0.4,0.0,0.4,0.1725095671933691,0.0,0.0,0.9222222222222223,3.8000000000000007
85,K,3,0.4,4,5,0.37333333333333335,0.06666666666666668,p,p4,5,0.4,0.4,0.0,0.4,0.1725095671933691,0.0,0.0,0.06666666666666668,-3.9
86,P,3,0.4,4,4,0.4388888888888889,0.1111111111111111,h,h5a,2,-0.25,0.0,0.25,0.25,0.0601196073534318,0.43,0.0,0.3222222222222222,-1.6000000000000005
87,V,3,0.4,4,4,0.4388888888888889,0.1111111111111111,h,h5a,2,-0.25,0.0,0.25,0.25,0.0601196073534318,0.43,0.0,0.9666666666666666,4.199999999999999
88,Y,3,0.4,4,4,0.4388888888888889,0.1111111111111111,h,h5a,2,-0.25,0.0,0.25,0.25,0.0601196073534318,0.43,0.0,0.35555555555555557,-1.2999999999999998
89,D,3,0.4,4,4,0.4388888888888889,0.1111111111111111,h,h5a,2,-0.25,0.0,0.25,0.25,0.0601196073534318,0.43,0.0,0.1111111111111111,-3.5
90,S,3,0.4,4,1,0.41111111111111115,0.41111111111111115,s,s2,1,0.0,0.0,0.0,0.0,0.001777760101772936,0.0,0.0,0.41111111111111115,-0.7999999999999998
91,L,3,0.4,4,5,0.54,0.0,h,h5b,3,0.0,0.2,0.2,0.4,-0.11952822331332537,0.0,0.0,0.9222222222222223,3.8000000000000007
92,D,3,0.4,4,5,0.54,0.0,h,h5b,3,0.0,0.2,0.2,0.4,-0.11952822331332537,0.0,0.0,0.1111111111111111,-3.5
93,A,3,0.4,4,5,0.54,0.0,h,h5b,3,0.0,0.2,0.2,0.4,-0.11952822331332537,0.0,0.0,0.7,1.7999999999999998
94,V,3,0.4,4,5,0.54,0.0,h,h5b,3,0.0,0.2,0.2,0.4,-0.11952822331332537,0.0,0.0,0.9666666666666666,4.199999999999999
95,R,3,0.4,4,5,0.54,0.0,h,h5b,3,0.0,0.2,0.2,0.4,-0.11952822331332537,0.0,0.0,0.0,-4.5
96,R,3,0.4,4,2,0.3888888888888889,0.0,s,s3,5,0.5,0.5,0.0,0.5,0.1916633411486844,0.0,0.0,0.0,-4.5
97,C,3,0.4,4,2,0.3888888888888889,0.0,s,s3,5,0.5,0.5,0.0,0.5,0.1916633411486844,0.0,0.0,0.7777777777777778,2.5
98,A,3,0.4,4,11,0.5777777777777777,0.1111111111111111,h,h5c,1,-0.09090909090909091,0.0,0.09090909090909091,0.09090909090909091,-0.12436146965420868,0.7,0.0,0.7,1.7999999999999998
99,L,3,0.4,4,11,0.5777777777777777,0.1111111111111111,h,h5c,1,-0.09090909090909091,0.0,0.09090909090909091,0.09090909090909091,-0.12436146965420868,0.7,0.0,0.9222222222222223,3.8000000000000007
100,I,3,0.4,4,11,0.5777777777777777,0.1111111111111111,h,h5c,1,-0.09090909090909091,0.0,0.09090909090909091,0.09090909090909091,-0.12436146965420868,0.7,0.0,1.0,4.5
101,N,3,0.4,4,11,0.5777777777777777,0.1111111111111111,h,h5c,1,-0.09090909090909091,0.0,0.09090909090909091,0.09090909090909091,-0.12436146965420868,0.7,0.0,0.1111111111111111,-3.5
102,M,3,0.4,4,11,0.5777777777777777,0.1111111111111111,h,h5c,1,-0.09090909090909091,0.0,0.09090909090909091,0.09090909090909091,-0.12436146965420868,0.7,0.0,0.7111111111111111,1.9000000000000004
103,M,3,0.4,4,11,0.5777777777777777,0.1111111111111111,h,h5c,1,-0.09090909090909091,0.0,0.09090909090909091,0.09090909090909091,-0.12436146965420868,0.7,0.0,0.7111111111111111,1.9000000000000004
104,F,3,0.4,4,11,0.5777777777777777,0.1111111111111111,h,h5c,1,-0.09090909090909091,0.0,0.09090909090909091,0.09090909090909091,-0.12436146965420868,0.7,0.0,0.8111111111111111,2.8
105,Q,3,0.4,4,11,0.5777777777777777,0.1111111111111111,h,h5c,1,-0.09090909090909091,0.0,0.09090909090909091,0.09090909090909091,-0.12436146965420868,0.7,0.0,0.1111111111111111,-3.5
106,M,3,0.4,4,11,0.5777777777777777,0.1111111111111111,h,h5c,1,-0.09090909090909091,0.0,0.09090909090909091,0.09090909090909091,-0.12436146965420868,0.7,0.0,0.7111111111111111,1.9000000000000004
107,G,3,0.4,4,11,0.5777777777777777,0.1111111111111111,h,h5c,1,-0.09090909090909091,0.0,0.09090909090909091,0.09090909090909091,-0.12436146965420868,0.7,0.0,0.4555555555555555,-0.40000000000000036
108,E,3,0.4,4,11,0.5777777777777777,0.1111111111111111,h,h5c,1,-0.09090909090909091,0.0,0.09090909090909091,0.09090909090909091,-0.12436146965420868,0.7,0.0,0.1111111111111111,-3.5
109,T,3,0.4,4,2,0.4388888888888889,0.4222222222222222,s,s4,1,0.0,0.0,0.0,0.0,-0.024365770806653385,0.0,0.0,0.4222222222222222,-0.7000000000000002
110,G,3,0.4,4,2,0.4388888888888889,0.4222222222222222,s,s4,1,0.0,0.0,0.0,0.0,-0.024365770806653385,0.0,0.0,0.4555555555555555,-0.40000000000000036
111,V,3,0.4,4,6,0.5777777777777777,0.1111111111111111,h,h5d,1,0.0,0.0,0.0,0.0,-0.15508342534878514,0.76,0.0,0.9666666666666666,4.199999999999999
112,A,3,0.4,4,6,0.5777777777777777,0.1111111111111111,h,h5d,1,0.0,0.0,0.0,0.0,-0.15508342534878514,0.76,0.0,0.7,1.7999999999999998
113,G,3,0.4,4,6,0.5777777777777777,0.1111111111111111,h,h5d,1,0.0,0.0,0.0,0.0,-0.15508342534878514,0.76,0.0,0.4555555555555555,-0.40000000000000036
114,F,3,0.4,4,6,0.5777777777777777,0.1111111111111111,h,h5d,1,0.0,0.0,0.0,0.0,-0.15508342534878514,0.76,0.0,0.8111111111111111,2.8
115,T,3,0.4,4,6,0.5777777777777777,0.1111111111111111,h,h5d,1,0.0,0.0,0.0,0.0,-0.15508342534878514,0.76,0.0,0.4222222222222222,-0.7000000000000002
116,N,3,0.4,4,6,0.5777777777777777,0.1111111111111111,h,h5d,1,0.0,0.0,0.0,0.0,-0.15508342534878514,0.76,0.0,0.1111111111111111,-3.5
117,S,3,0.4,4,1,0.41111111111111115,0.41111111111111115,s,s5,1,0.0,0.0,0.0,0.0,0.001777760101772936,0.0,0.0,0.41111111111111115,-0.7999999999999998
118,L,3,0.4,4,5,0.5333333333333334,0.0,h,h5e,1,0.2,0.2,0.0,0.2,-0.04566547336723497,0.0,0.0,0.9222222222222223,3.8000000000000007
119,R,3,0.4,4,5,0.5333333333333334,0.0,h,h5e,1,0.2,0.2,0.0,0.2,-0.04566547336723497,0.0,0.0,0.0,-4.5
120,M,3,0.4,4,5,0.5333333333333334,0.0,h,h5e,1,0.2,0.2,0.0,0.2,-0.04566547336723497,0.0,0.0,0.7111111111111111,1.9000000000000004
121,L,3,0.4,4,5,0.5333333333333334,0.0,h,h5e,1,0.2,0.2,0.0,0.2,-0.04566547336723497,0.0,0.0,0.9222222222222223,3.8000000000000007
122,Q,3,0.4,4,5,0.5333333333333334,0.0,h,h5e,1,0.2,0.2,0.0,0.2,-0.04566547336723497,0.0,0.0,0.1111111111111111,-3.5
123,Q,3,0.4,4,7,0.21428571428571427,0.0,p,p5,3,0.0,0.2857142857142857,0.2857142857142857,0.5714285714285714,0.18702335053862262,0.0,0.0,0.1111111111111111,-3.5
124,K,3,0.4,4,7,0.21428571428571427,0.0,p,p5,3,0.0,0.2857142857142857,0.2857142857142857,0.5714285714285714,0.18702335053862262,0.0,0.0,0.06666666666666668,-3.9
125,R,3,0.4,4,7,0.21428571428571427,0.0,p,p5,3,0.0,0.2857142857142857,0.2857142857142857,0.5714285714285714,0.18702335053862262,0.0,0.0,0.0,-4.5
126,W,3,0.4,4,7,0.21428571428571427,0.0,p,p5,3,0.0,0.2857142857142857,0.2857142857142857,0.5714285714285714,0.18702335053862262,0.0,0.0,0.4,-0.8999999999999999
127,D,3,0.4,4,7,0.21428571428571427,0.0,p,p5,3,0.0,0.2857142857142857,0.2857142857142857,0.5714285714285714,0.18702335053862262,0.0,0.0,0.1111111111111111,-3.5
128,E,3,0.4,4,7,0.21428571428571427,0.0,p,p5,3,0.0,0.2857142857142857,0.2857142857142857,0.5714285714285714,0.18702335053862262,0.0,0.0,0.1111111111111111,-3.5
129,A,3,0.4,4,7,0.21428571428571427,0.0,p,p5,3,0.0,0.2857142857142857,0.2857142857142857,0.5714285714285714,0.18702335053862262,0.0,0.0,0.7,1.7999999999999998
130,A,3,0.4,4,6,0.5777777777777778,0.06666666666666668,h,h6,1,0.16666666666666666,0.16666666666666666,0.0,0.16666666666666666,-0.09875983990872846,0.38,0.0,0.7,1.7999999999999998
131,V,3,0.4,4,6,0.5777777777777778,0.06666666666666668,h,h6,1,0.16666666666666666,0.16666666666666666,0.0,0.16666666666666666,-0.09875983990872846,0.38,0.0,0.9666666666666666,4.199999999999999
132,N,3,0.4,4,6,0.5777777777777778,0.06666666666666668,h,h6,1,0.16666666666666666,0.16666666666666666,0.0,0.16666666666666666,-0.09875983990872846,0.38,0.0,0.1111111111111111,-3.5
133,L,3,0.4,4,6,0.5777777777777778,0.06666666666666668,h,h6,1,0.16666666666666666,0.16666666666666666,0.0,0.16666666666666666,-0.09875983990872846,0.38,0.0,0.9222222222222223,3.8000000000000007
134,A,3,0.4,4,6,0.5777777777777778,0.06666666666666668,h,h6,1,0.16666666666666666,0.16666666666666666,0.0,0.16666666666666666,-0.09875983990872846,0.38,0.0,0.7,1.7999999999999998
135,K,3,0.4,4,6,0.5777777777777778,0.06666666666666668,h,h6,1,0.16666666666666666,0.16666666666666666,0.0,0.16666666666666666,-0.09875983990872846,0.38,0.0,0.06666666666666668,-3.9
136,S,3,0.4,4,14,0.2841269841269841,0.0,p,p6,2,0.2857142857142857,0.2857142857142857,0.0,0.2857142857142857,0.2178457621518194,0.0,0.0,0.41111111111111115,-0.7999999999999998
137,R,3,0.4,4,14,0.2841269841269841,0.0,p,p6,2,0.2857142857142857,0.2857142857142857,0.0,0.2857142857142857,0.2178457621518194,0.0,0.0,0.0,-4.5
138,W,3,0.4,4,14,0.2841269841269841,0.0,p,p6,2,0.2857142857142857,0.2857142857142857,0.0,0.2857142857142857,0.2178457621518194,0.0,0.0,0.4,-0.8999999999999999
139,Y,3,0.4,4,14,0.2841269841269841,0.0,p,p6,2,0.2857142857142857,0.2857142857142857,0.0,0.2857142857142857,0.2178457621518194,0.0,0.0,0.35555555555555557,-1.2999999999999998
140,N,3,0.4,4,14,0.2841269841269841,0.0,p,p6,2,0.2857142857142857,0.2857142857142857,0.0,0.2857142857142857,0.2178457621518194,0.0,0.0,0.1111111111111111,-3.5
141,Q,3,0.4,4,14,0.2841269841269841,0.0,p,p6,2,0.2857142857142857,0.2857142857142857,0.0,0.2857142857142857,0.2178457621518194,0.0,0.0,0.1111111111111111,-3.5
142,T,3,0.4,4,14,0.2841269841269841,0.0,p,p6,2,0.2857142857142857,0.2857142857142857,0.0,0.2857142857142857,0.2178457621518194,0.0,0.0,0.4222222222222222,-0.7000000000000002
143,P,3,0.4,4,14,0.2841269841269841,0.0,p,p6,2,0.2857142857142857,0.2857142857142857,0.0,0.2857142857142857,0.2178457621518194,0.0,0.0,0.3222222222222222,-1.6000000000000005
144,N,3,0.4,4,14,0.2841269841269841,0.0,p,p6,2,0.2857142857142857,0.2857142857142857,0.0,0.2857142857142857,0.2178457621518194,0.0,0.0,0.1111111111111111,-3.5
145,R,3,0.4,4,14,0.2841269841269841,0.0,p,p6,2,0.2857142857142857,0.2857142857142857,0.0,0.2857142857142857,0.2178457621518194,0.0,0.0,0.0,-4.5
146,A,3,0.4,4,14,0.2841269841269841,0.0,p,p6,2,0.2857142857142857,0.2857142857142857,0.0,0.2857142857142857,0.2178457621518194,0.0,0.0,0.7,1.7999999999999998
147,K,3,0.4,4,14,0.2841269841269841,0.0,p,p6,2,0.2857142857142857,0.2857142857142857,0.0,0.2857142857142857,0.2178457621518194,0.0,0.0,0.06666666666666668,-3.9
148,R,3,0.4,4,14,0.2841269841269841,0.0,p,p6,2,0.2857142857142857,0.2857142857142857,0.0,0.2857142857142857,0.2178457621518194,0.0,0.0,0.0,-4.5
149,V,3,0.4,4,14,0.2841269841269841,0.0,p,p6,2,0.2857142857142857,0.2857142857142857,0.0,0.2857142857142857,0.2178457621518194,0.0,0.0,0.9666666666666666,4.199999999999999
150,I,3,0.4,4,6,0.512962962962963,0.0,h,h7,1,0.16666666666666666,0.16666666666666666,0.0,0.16666666666666666,-0.037758267789066886,0.0,0.0,1.0,4.5
151,T,3,0.4,4,6,0.512962962962963,0.0,h,h7,1,0.16666666666666666,0.16666666666666666,0.0,0.16666666666666666,-0.037758267789066886,0.0,0.0,0.4222222222222222,-0.7000000000000002
152,T,3,0.4,4,6,0.512962962962963,0.0,h,h7,1,0.16666666666666666,0.16666666666666666,0.0,0.16666666666666666,-0.037758267789066886,0.0,0.0,0.4222222222222222,-0.7000000000000002
153,F,3,0.4,4,6,0.512962962962963,0.0,h,h7,1,0.16666666666666666,0.16666666666666666,0.0,0.16666666666666666,-0.037758267789066886,0.0,0.0,0.8111111111111111,2.8
154,R,3,0.4,4,6,0.512962962962963,0.0,h,h7,1,0.16666666666666666,0.16666666666666666,0.0,0.16666666666666666,-0.037758267789066886,0.0,0.0,0.0,-4.5
155,T,3,0.4,4,6,0.512962962962963,0.0,h,h7,1,0.16666666666666666,0.16666666666666666,0.0,0.16666666666666666,-0.037758267789066886,0.0,0.0,0.4222222222222222,-0.7000000000000002
156,G,3,0.4,4,9,0.39382716049382716,0.06666666666666668,p,p7,1,0.0,0.1111111111111111,0.1111111111111111,0.2222222222222222,0.01804484600034938,0.0,0.0,0.4555555555555555,-0.40000000000000036
157,T,3,0.4,4,9,0.39382716049382716,0.06666666666666668,p,p7,1,0.0,0.1111111111111111,0.1111111111111111,0.2222222222222222,0.01804484600034938,0.0,0.0,0.4222222222222222,-0.7000000000000002
158,W,3,0.4,4,9,0.39382716049382716,0.06666666666666668,p,p7,1,0.0,0.1111111111111111,0.1111111111111111,0.2222222222222222,0.01804484600034938,0.0,0.0,0.4,-0.8999999999999999
159,D,3,0.4,4,9,0.39382716049382716,0.06666666666666668,p,p7,1,0.0,0.1111111111111111,0.1111111111111111,0.2222222222222222,0.01804484600034938,0.0,0.0,0.1111111111111111,-3.5
160,A,3,0.4,4,9,0.39382716049382716,0.06666666666666668,p,p7,1,0.0,0.1111111111111111,0.1111111111111111,0.2222222222222222,0.01804484600034938,0.0,0.0,0.7,1.7999999999999998
161,Y,3,0.4,4,9,0.39382716049382716,0.06666666666666668,p,p7,1,0.0,0.1111111111111111,0.1111111111111111,0.2222222222222222,0.01804484600034938,0.0,0.0,0.35555555555555557,-1.2999999999999998
162,K,3,0.4,4,9,0.39382716049382716,0.06666666666666668,p,p7,1,0.0,0.1111111111111111,0.1111111111111111,0.2222222222222222,0.01804484600034938,0.0,0.0,0.06666666666666668,-3.9
163,N,3,0.4,4,9,0.39382716049382716,0.06666666666666668,p,p7,1,0.0,0.1111111111111111,0.1111111111111111,0.2222222222222222,0.01804484600034938,0.0,0.0,0.1111111111111111,-3.5
164,L,3,0.4,4,9,0.39382716049382716,0.06666666666666668,p,p7,1,0.0,0.1111111111111111,0.1111111111111111,0.2222222222222222,0.01804484600034938,0.0,0.0,0.9222222222222223,3.8000000000000007
