Residue_Number,Residue_Name,Window,Hydropathy_Cutoff,Minimum_Blob_Length,blob_length,Normalized_Mean_Blob_Hydropathy,Min_Blob_Hydropathy,Blob_Type,Blob_Index_Number,Blob_Das-Pappu_Class,Blob_NCPR,Fraction_of_Positively_Charged_Residues,Fraction_of_Negatively_Charged_Residues,Fraction_of_Charged_Residues,Uversky_Diagram_Score,dSNP_enrichment,Blob_Disorder,Normalized_Kyte-Doolittle_hydropathy,Kyte-Doolittle_hydropathy
1,M,3,0.4,4,5,0.35333333333333333,0.1111111111111111,p,p1,1,-0.2,0.0,0.2,0.2,0.12374460691936794,0.0,0.0,0.7111111111111111,1.9000000000000004
2,S,3,0.4,4,5,0.35333333333333333,0.1111111111111111,p,p1,1,-0.2,0.0,0.2,0.2,0.12374460691936794,0.0,0.0,0.41111111111111115,-0.7999999999999998
3,E,3,0.4,4,5,0.35333333333333333,0.1111111111111111,p,p1,1,-0.2,0.0,0.2,0.2,0.12374460691936794,0.0,0.0,0.1111111111111111,-3.5
4,N,3,0.4,4,5,0.35333333333333333,0.1111111111111111,p,p1,1,-0.2,0.0,0.2,0.2,0.12374460691936794,0.0,0.0,0.1111111111111111,-3.5
5,T,3,0.4,4,5,0.35333333333333333,0.1111111111111111,p,p1,1,-0.2,0.0,0.2,0.2,0.12374460691936794,0.0,0.0,0.4222222222222222,-0.7000000000000002
6,F,3,0.4,4,15,0.5681481481481482,0.3222222222222222,h,h1,1,0.0,0.0,0.0,0.0,-0.14602033463386407,1.11,0.0,0.8111111111111111,2.8
7,I,3,0.4,4,15,0.5681481481481482,0.3222222222222222,h,h1,1,0.0,0.0,0.0,0.0,-0.14602033463386407,1.11,0.0,1.0,4.5
8,F,3,0.4,4,15,0.5681481481481482,0.3222222222222222,h,h1,1,0.0,0.0,0.0,0.0,-0.14602033463386407,1.11,0.0,0.8111111111111111,2.8
9,P,3,0.4,4,15,0.5681481481481482,0.3222222222222222,h,h1,1,0.0,0.0,0.0,0.0,-0.14602033463386407,1.11,0.0,0.3222222222222222,-1.6000000000000005
10,A,3,0.4,4,15,0.5681481481481482,0.3222222222222222,h,h1,1,0.0,0.0,0.0,0.0,-0.14602033463386407,1.11,0.0,0.7,1.7999999999999998
11,T,3,0.4,4,15,0.5681481481481482,0.3222222222222222,h,h1,1,0.0,0.0,0.0,0.0,-0.14602033463386407,1.11,0.0,0.4222222222222222,-0.7000000000000002
12,F,3,0.4,4,15,0.5681481481481482,0.3222222222222222,h,h1,1,0.0,0.0,0.0,0.0,-0.14602033463386407,1.11,0.0,0.8111111111111111,2.8
13,M,3,0.4,4,15,0.5681481481481482,0.3222222222222222,h,h1,1,0.0,0.0,0.0,0.0,-0.14602033463386407,1.11,0.0,0.7111111111111111,1.9000000000000004
14,W,3,0.4,4,15,0.5681481481481482,0.3222222222222222,h,h1,1,0.0,0.0,0.0,0.0,-0.14602033463386407,1.11,0.0,0.4,-0.8999999999999999
15,G,3,0.4,4,15,0.5681481481481482,0.3222222222222222,h,h1,1,0.0,0.0,0.0,0.0,-0.14602033463386407,1.11,0.0,0.4555555555555555,-0.40000000000000036
16,T,3,0.4,4,15,0.5681481481481482,0.3222222222222222,h,h1,1,0.0,0.0,0.0,0.0,-0.14602033463386407,1.11,0.0,0.4222222222222222,-0.7000000000000002
17,S,3,0.4,4,15,0.5681481481481482,0.3222222222222222,h,h1,1,0.0,0.0,0.0,0.0,-0.14602033463386407,1.11,0.0,0.41111111111111115,-0.7999999999999998
18,T,3,0.4,4,15,0.5681481481481482,0.3222222222222222,h,h1,1,0.0,0.0,0.0,0.0,-0.14602033463386407,1.11,0.0,0.4222222222222222,-0.7000000000000002
19,S,3,0.4,4,15,0.5681481481481482,0.3222222222222222,h,h1,1,0.0,0.0,0.0,0.0,-0.14602033463386407,1.11,0.0,0.41111111111111115,-0.7999999999999998
20,S,3,0.4,4,15,0.5681481481481482,0.3222222222222222,h,h1,1,0.0,0.0,0.0,0.0,-0.14602033463386407,1.11,0.0,0.41111111111111115,-0.7999999999999998
21,Y,3,0.4,4,19,0.37543859649122807,0.0,p,p2,2,-0.15789473684210525,0.05263157894736842,0.21052631578947367,0.2631578947368421,0.08871074389580588,0.0,0.0,0.35555555555555557,-1.2999999999999998
22,Q,3,0.4,4,19,0.37543859649122807,0.0,p,p2,2,-0.15789473684210525,0.05263157894736842,0.21052631578947367,0.2631578947368421,0.08871074389580588,0.0,0.0,0.1111111111111111,-3.5
23,I,3,0.4,4,19,0.37543859649122807,0.0,p,p2,2,-0.15789473684210525,0.05263157894736842,0.21052631578947367,0.2631578947368421,0.08871074389580588,0.0,0.0,1.0,4.5
24,E,3,0.4,4,19,0.37543859649122807,0.0,p,p2,2,-0.15789473684210525,0.05263157894736842,0.21052631578947367,0.2631578947368421,0.08871074389580588,0.0,0.0,0.1111111111111111,-3.5
25,G,3,0.4,4,19,0.37543859649122807,0.0,p,p2,2,-0.15789473684210525,0.05263157894736842,0.21052631578947367,0.2631578947368421,0.08871074389580588,0.0,0.0,0.4555555555555555,-0.40000000000000036
26,G,3,0.4,4,19,0.37543859649122807,0.0,p,p2,2,-0.15789473684210525,0.05263157894736842,0.21052631578947367,0.2631578947368421,0.08871074389580588,0.0,0.0,0.4555555555555555,-0.40000000000000036
27,T,3,0.4,4,19,0.37543859649122807,0.0,p,p2,2,-0.15789473684210525,0.05263157894736842,0.21052631578947367,0.2631578947368421,0.08871074389580588,0.0,0.0,0.4222222222222222,-0.7000000000000002
28,D,3,0.4,4,19,0.37543859649122807,0.0,p,p2,2,-0.15789473684210525,0.05263157894736842,0.21052631578947367,0.2631578947368421,0.08871074389580588,0.0,0.0,0.1111111111111111,-3.5
29,E,3,0.4,4,19,0.37543859649122807,0.0,p,p2,2,-0.15789473684210525,0.05263157894736842,0.21052631578947367,0.2631578947368421,0.08871074389580588,0.0,0.0,0.1111111111111111,-3.5
30,G,3,0.4,4,19,0.37543859649122807,0.0,p,p2,2,-0.15789473684210525,0.05263157894736842,0.21052631578947367,0.2631578947368421,0.08871074389580588,0.0,0.0,0.4555555555555555,-0.40000000000000036
31,G,3,0.4,4,19,0.37543859649122807,0.0,p,p2,2,-0.15789473684210525,0.05263157894736842,0.21052631578947367,0.2631578947368421,0.08871074389580588,0.0,0.0,0.4555555555555555,-0.40000000000000036
32,R,3,0.4,4,19,0.37543859649122807,0.0,p,p2,2,-0.15789473684210525,0.05263157894736842,0.21052631578947367,0.2631578947368421,0.08871074389580588,0.0,0.0,0.0,-4.5
33,T,3,0.4,4,19,0.37543859649122807,0.0,p,p2,2,-0.15789473684210525,0.05263157894736842,0.21052631578947367,0.2631578947368421,0.08871074389580588,0.0,0.0,0.4222222222222222,-0.7000000000000002
34,P,3,0.4,4,19,0.37543859649122807,0.0,p,p2,2,-0.15789473684210525,0.05263157894736842,0.21052631578947367,0.2631578947368421,0.08871074389580588,0.0,0.0,0.3222222222222222,-1.6000000000000005
35,S,3,0.4,4,19,0.37543859649122807,0.0,p,p2,2,-0.15789473684210525,0.05263157894736842,0.21052631578947367,0.2631578947368421,0.08871074389580588,0.0,0.0,0.41111111111111115,-0.7999999999999998
36,I,3,0.4,4,19,0.37543859649122807,0.0,p,p2,2,-0.15789473684210525,0.05263157894736842,0.21052631578947367,0.2631578947368421,0.08871074389580588,0.0,0.0,1.0,4.5
37,W,3,0.4,4,19,0.37543859649122807,0.0,p,p2,2,-0.15789473684210525,0.05263157894736842,0.21052631578947367,0.2631578947368421,0.08871074389580588,0.0,0.0,0.4,-0.8999999999999999
38,D,3,0.4,4,19,0.37543859649122807,0.0,p,p2,2,-0.15789473684210525,0.05263157894736842,0.21052631578947367,0.2631578947368421,0.08871074389580588,0.0,0.0,0.1111111111111111,-3.5
39,T,3,0.4,4,19,0.37543859649122807,0.0,p,p2,2,-0.15789473684210525,0.05263157894736842,0.21052631578947367,0.2631578947368421,0.08871074389580588,0.0,0.0,0.4222222222222222,-0.7000000000000002
40,F,3,0.4,4,6,0.5796296296296296,0.1111111111111111,h,h2a,1,0.0,0.0,0.0,0.0,-0.15682632740934693,0.76,0.0,0.8111111111111111,2.8
41,C,3,0.4,4,6,0.5796296296296296,0.1111111111111111,h,h2a,1,0.0,0.0,0.0,0.0,-0.15682632740934693,0.76,0.0,0.7777777777777778,2.5
42,Q,3,0.4,4,6,0.5796296296296296,0.1111111111111111,h,h2a,1,0.0,0.0,0.0,0.0,-0.15682632740934693,0.76,0.0,0.1111111111111111,-3.5
43,I,3,0.4,4,6,0.5796296296296296,0.1111111111111111,h,h2a,1,0.0,0.0,0.0,0.0,-0.15682632740934693,0.76,0.0,1.0,4.5
44,P,3,0.4,4,6,0.5796296296296296,0.1111111111111111,h,h2a,1,0.0,0.0,0.0,0.0,-0.15682632740934693,0.76,0.0,0.3222222222222222,-1.6000000000000005
45,G,3,0.4,4,6,0.5796296296296296,0.1111111111111111,h,h2a,1,0.0,0.0,0.0,0.0,-0.15682632740934693,0.76,0.0,0.4555555555555555,-0.40000000000000036
46,K,3,0.4,4,1,0.06666666666666668,0.06666666666666668,s,s1,5,1.0,1.0,0.0,1.0,0.6638990560066006,0.0,0.0,0.06666666666666668,-3.9
47,V,3,0.4,4,4,0.7194444444444443,0.4555555555555555,h,h2b,1,0.0,0.0,0.0,0.0,-0.28841543298175953,1.03,0.0,0.9666666666666666,4.199999999999999
48,I,3,0.4,4,4,0.7194444444444443,0.4555555555555555,h,h2b,1,0.0,0.0,0.0,0.0,-0.28841543298175953,1.03,0.0,1.0,4.5
49,G,3,0.4,4,4,0.7194444444444443,0.4555555555555555,h,h2b,1,0.0,0.0,0.0,0.0,-0.28841543298175953,1.03,0.0,0.4555555555555555,-0.40000000000000036
50,G,3,0.4,4,4,0.7194444444444443,0.4555555555555555,h,h2b,1,0.0,0.0,0.0,0.0,-0.28841543298175953,1.03,0.0,0.4555555555555555,-0.40000000000000036
51,D,3,0.4,4,1,0.1111111111111111,0.1111111111111111,s,s2,4,-1.0,0.0,1.0,1.0,0.6220694065531184,0.0,0.0,0.1111111111111111,-3.5
52,C,3,0.4,4,7,0.5571428571428572,0.1111111111111111,h,h2c,2,-0.2857142857142857,0.0,0.2857142857142857,0.2857142857142857,-0.03910779877671397,0.77,0.0,0.7777777777777778,2.5
53,G,3,0.4,4,7,0.5571428571428572,0.1111111111111111,h,h2c,2,-0.2857142857142857,0.0,0.2857142857142857,0.2857142857142857,-0.03910779877671397,0.77,0.0,0.4555555555555555,-0.40000000000000036
54,D,3,0.4,4,7,0.5571428571428572,0.1111111111111111,h,h2c,2,-0.2857142857142857,0.0,0.2857142857142857,0.2857142857142857,-0.03910779877671397,0.77,0.0,0.1111111111111111,-3.5
55,V,3,0.4,4,7,0.5571428571428572,0.1111111111111111,h,h2c,2,-0.2857142857142857,0.0,0.2857142857142857,0.2857142857142857,-0.03910779877671397,0.77,0.0,0.9666666666666666,4.199999999999999
56,A,3,0.4,4,7,0.5571428571428572,0.1111111111111111,h,h2c,2,-0.2857142857142857,0.0,0.2857142857142857,0.2857142857142857,-0.03910779877671397,0.77,0.0,0.7,1.7999999999999998
57,C,3,0.4,4,7,0.5571428571428572,0.1111111111111111,h,h2c,2,-0.2857142857142857,0.0,0.2857142857142857,0.2857142857142857,-0.03910779877671397,0.77,0.0,0.7777777777777778,2.5
58,D,3,0.4,4,7,0.5571428571428572,0.1111111111111111,h,h2c,2,-0.2857142857142857,0.0,0.2857142857142857,0.2857142857142857,-0.03910779877671397,0.77,0.0,0.1111111111111111,-3.5
59,H,3,0.4,4,15,0.4103703703703704,0.06666666666666668,p,p3,2,0.0,0.13333333333333333,0.13333333333333333,0.26666666666666666,0.0024749209259976607,0.0,0.0,0.14444444444444443,-3.2
60,F,3,0.4,4,15,0.4103703703703704,0.06666666666666668,p,p3,2,0.0,0.13333333333333333,0.13333333333333333,0.26666666666666666,0.0024749209259976607,0.0,0.0,0.8111111111111111,2.8
61,H,3,0.4,4,15,0.4103703703703704,0.06666666666666668,p,p3,2,0.0,0.13333333333333333,0.13333333333333333,0.26666666666666666,0.0024749209259976607,0.0,0.0,0.14444444444444443,-3.2
62,H,3,0.4,4,15,0.4103703703703704,0.06666666666666668,p,p3,2,0.0,0.13333333333333333,0.13333333333333333,0.26666666666666666,0.0024749209259976607,0.0,0.0,0.14444444444444443,-3.2
63,F,3,0.4,4,15,0.4103703703703704,0.06666666666666668,p,p3,2,0.0,0.13333333333333333,0.13333333333333333,0.26666666666666666,0.0024749209259976607,0.0,0.0,0.8111111111111111,2.8
64,K,3,0.4,4,15,0.4103703703703704,0.06666666666666668,p,p3,2,0.0,0.13333333333333333,0.13333333333333333,0.26666666666666666,0.0024749209259976607,0.0,0.0,0.06666666666666668,-3.9
65,E,3,0.4,4,15,0.4103703703703704,0.06666666666666668,p,p3,2,0.0,0.13333333333333333,0.13333333333333333,0.26666666666666666,0.0024749209259976607,0.0,0.0,0.1111111111111111,-3.5
66,D,3,0.4,4,15,0.4103703703703704,0.06666666666666668,p,p3,2,0.0,0.13333333333333333,0.13333333333333333,0.26666666666666666,0.0024749209259976607,0.0,0.0,0.1111111111111111,-3.5
67,V,3,0.4,4,15,0.4103703703703704,0.06666666666666668,p,p3,2,0.0,0.13333333333333333,0.13333333333333333,0.26666666666666666,0.0024749209259976607,0.0,0.0,0.9666666666666666,4.199999999999999
68,Q,3,0.4,4,15,0.4103703703703704,0.06666666666666668,p,p3,2,0.0,0.13333333333333333,0.13333333333333333,0.26666666666666666,0.0024749209259976607,0.0,0.0,0.1111111111111111,-3.5
69,L,3,0.4,4,15,0.4103703703703704,0.06666666666666668,p,p3,2,0.0,0.13333333333333333,0.13333333333333333,0.26666666666666666,0.0024749209259976607,0.0,0.0,0.9222222222222223,3.8000000000000007
70,M,3,0.4,4,15,0.4103703703703704,0.06666666666666668,p,p3,2,0.0,0.13333333333333333,0.13333333333333333,0.26666666666666666,0.0024749209259976607,0.0,0.0,0.7111111111111111,1.9000000000000004
71,K,3,0.4,4,15,0.4103703703703704,0.06666666666666668,p,p3,2,0.0,0.13333333333333333,0.13333333333333333,0.26666666666666666,0.0024749209259976607,0.0,0.0,0.06666666666666668,-3.9
72,Q,3,0.4,4,15,0.4103703703703704,0.06666666666666668,p,p3,2,0.0,0.13333333333333333,0.13333333333333333,0.26666666666666666,0.0024749209259976607,0.0,0.0,0.1111111111111111,-3.5
73,L,3,0.4,4,15,0.4103703703703704,0.06666666666666668,p,p3,2,0.0,0.13333333333333333,0.13333333333333333,0.26666666666666666,0.0024749209259976607,0.0,0.0,0.9222222222222223,3.8000000000000007
74,G,3,0.4,4,5,0.5377777777777778,0.14444444444444443,h,h3a,1,0.0,0.0,0.0,0.0,-0.11743674084065125,0.47,0.0,0.4555555555555555,-0.40000000000000036
75,F,3,0.4,4,5,0.5377777777777778,0.14444444444444443,h,h3a,1,0.0,0.0,0.0,0.0,-0.11743674084065125,0.47,0.0,0.8111111111111111,2.8
76,L,3,0.4,4,5,0.5377777777777778,0.14444444444444443,h,h3a,1,0.0,0.0,0.0,0.0,-0.11743674084065125,0.47,0.0,0.9222222222222223,3.8000000000000007
77,H,3,0.4,4,5,0.5377777777777778,0.14444444444444443,h,h3a,1,0.0,0.0,0.0,0.0,-0.11743674084065125,0.47,0.0,0.14444444444444443,-3.2
78,Y,3,0.4,4,5,0.5377777777777778,0.14444444444444443,h,h3a,1,0.0,0.0,0.0,0.0,-0.11743674084065125,0.47,0.0,0.35555555555555557,-1.2999999999999998
79,R,3,0.4,4,2,0.40555555555555556,0.0,s,s3,5,0.5,0.5,0.0,0.5,0.1759772226036286,0.0,0.0,0.0,-4.5
80,F,3,0.4,4,2,0.40555555555555556,0.0,s,s3,5,0.5,0.5,0.0,0.5,0.1759772226036286,0.0,0.0,0.8111111111111111,2.8
81,S,3,0.4,4,5,0.5599999999999999,0.3222222222222222,h,h3b,1,0.0,0.0,0.0,0.0,-0.13835156556739225,0.82,0.0,0.41111111111111115,-0.7999999999999998
82,V,3,0.4,4,5,0.5599999999999999,0.3222222222222222,h,h3b,1,0.0,0.0,0.0,0.0,-0.13835156556739225,0.82,0.0,0.9666666666666666,4.199999999999999
83,A,3,0.4,4,5,0.5599999999999999,0.3222222222222222,h,h3b,1,0.0,0.0,0.0,0.0,-0.13835156556739225,0.82,0.0,0.7,1.7999999999999998
84,W,3,0.4,4,5,0.5599999999999999,0.3222222222222222,h,h3b,1,0.0,0.0,0.0,0.0,-0.13835156556739225,0.82,0.0,0.4,-0.8999999999999999
85,P,3,0.4,4,5,0.5599999999999999,0.3222222222222222,h,h3b,1,0.0,0.0,0.0,0.0,-0.13835156556739225,0.82,0.0,0.3222222222222222,-1.6000000000000005
86,R,3,0.4,4,1,0.0,0.0,s,s4,5,1.0,1.0,0.0,1.0,0.7266435301868239,0.0,0.0,0.0,-4.5
87,I,3,0.4,4,10,0.611111111111111,0.1111111111111111,h,h3c,1,-0.1,0.0,0.1,0.1,-0.15266151117486268,0.9,0.0,1.0,4.5
88,M,3,0.4,4,10,0.611111111111111,0.1111111111111111,h,h3c,1,-0.1,0.0,0.1,0.1,-0.15266151117486268,0.9,0.0,0.7111111111111111,1.9000000000000004
89,P,3,0.4,4,10,0.611111111111111,0.1111111111111111,h,h3c,1,-0.1,0.0,0.1,0.1,-0.15266151117486268,0.9,0.0,0.3222222222222222,-1.6000000000000005
90,A,3,0.4,4,10,0.611111111111111,0.1111111111111111,h,h3c,1,-0.1,0.0,0.1,0.1,-0.15266151117486268,0.9,0.0,0.7,1.7999999999999998
91,A,3,0.4,4,10,0.611111111111111,0.1111111111111111,h,h3c,1,-0.1,0.0,0.1,0.1,-0.15266151117486268,0.9,0.0,0.7,1.7999999999999998
92,G,3,0.4,4,10,0.611111111111111,0.1111111111111111,h,h3c,1,-0.1,0.0,0.1,0.1,-0.15266151117486268,0.9,0.0,0.4555555555555555,-0.40000000000000036
93,I,3,0.4,4,10,0.611111111111111,0.1111111111111111,h,h3c,1,-0.1,0.0,0.1,0.1,-0.15266151117486268,0.9,0.0,1.0,4.5
94,I,3,0.4,4,10,0.611111111111111,0.1111111111111111,h,h3c,1,-0.1,0.0,0.1,0.1,-0.15266151117486268,0.9,0.0,1.0,4.5
95,N,3,0.4,4,10,0.611111111111111,0.1111111111111111,h,h3c,1,-0.1,0.0,0.1,0.1,-0.15266151117486268,0.9,0.0,0.1111111111111111,-3.5
96,E,3,0.4,4,10,0.611111111111111,0.1111111111111111,h,h3c,1,-0.1,0.0,0.1,0.1,-0.15266151117486268,0.9,0.0,0.1111111111111111,-3.5
97,E,3,0.4,4,2,0.2833333333333333,0.1111111111111111,s,s5,4,-0.5,0.0,0.5,0.5,0.29100875860070463,0.0,0.0,0.1111111111111111,-3.5
98,G,3,0.4,4,2,0.2833333333333333,0.1111111111111111,s,s5,4,-0.5,0.0,0.5,0.5,0.29100875860070463,0.0,0.0,0.4555555555555555,-0.40000000000000036
99,L,3,0.4,4,5,0.6244444444444445,0.1111111111111111,h,h3d,1,-0.2,0.0,0.2,0.2,-0.1314162547468733,0.44,0.0,0.9222222222222223,3.8000000000000007
100,L,3,0.4,4,5,0.6244444444444445,0.1111111111111111,h,h3d,1,-0.2,0.0,0.2,0.2,-0.1314162547468733,0.44,0.0,0.9222222222222223,3.8000000000000007
101,F,3,0.4,4,5,0.6244444444444445,0.1111111111111111,h,h3d,1,-0.2,0.0,0.2,0.2,-0.1314162547468733,0.44,0.0,0.8111111111111111,2.8
102,Y,3,0.4,4,5,0.6244444444444445,0.1111111111111111,h,h3d,1,-0.2,0.0,0.2,0.2,-0.1314162547468733,0.44,0.0,0.35555555555555557,-1.2999999999999998
103,E,3,0.4,4,5,0.6244444444444445,0.1111111111111111,h,h3d,1,-0.2,0.0,0.2,0.2,-0.1314162547468733,0.44,0.0,0.1111111111111111,-3.5
104,H,3,0.4,4,5,0.44222222222222224,0.1111111111111111,p,p4,4,-0.4,0.0,0.4,0.4,0.10767361054047177,0.0,0.0,0.14444444444444443,-3.2
105,L,3,0.4,4,5,0.44222222222222224,0.1111111111111111,p,p4,4,-0.4,0.0,0.4,0.4,0.10767361054047177,0.0,0.0,0.9222222222222223,3.8000000000000007
106,L,3,0.4,4,5,0.44222222222222224,0.1111111111111111,p,p4,4,-0.4,0.0,0.4,0.4,0.10767361054047177,0.0,0.0,0.9222222222222223,3.8000000000000007
107,D,3,0.4,4,5,0.44222222222222224,0.1111111111111111,p,p4,4,-0.4,0.0,0.4,0.4,0.10767361054047177,0.0,0.0,0.1111111111111111,-3.5
108,E,3,0.4,4,5,0.44222222222222224,0.1111111111111111,p,p4,4,-0.4,0.0,0.4,0.4,0.10767361054047177,0.0,0.0,0.1111111111111111,-3.5
109,I,3,0.4,4,14,0.6365079365079366,0.1111111111111111,h,h4,1,-0.07142857142857142,0.0,0.07142857142857142,0.07142857142857142,-0.18621963979514805,0.76,0.0,1.0,4.5
110,E,3,0.4,4,14,0.6365079365079366,0.1111111111111111,h,h4,1,-0.07142857142857142,0.0,0.07142857142857142,0.07142857142857142,-0.18621963979514805,0.76,0.0,0.1111111111111111,-3.5
111,L,3,0.4,4,14,0.6365079365079366,0.1111111111111111,h,h4,1,-0.07142857142857142,0.0,0.07142857142857142,0.07142857142857142,-0.18621963979514805,0.76,0.0,0.9222222222222223,3.8000000000000007
112,A,3,0.4,4,14,0.6365079365079366,0.1111111111111111,h,h4,1,-0.07142857142857142,0.0,0.07142857142857142,0.07142857142857142,-0.18621963979514805,0.76,0.0,0.7,1.7999999999999998
113,G,3,0.4,4,14,0.6365079365079366,0.1111111111111111,h,h4,1,-0.07142857142857142,0.0,0.07142857142857142,0.07142857142857142,-0.18621963979514805,0.76,0.0,0.4555555555555555,-0.40000000000000036
114,L,3,0.4,4,14,0.6365079365079366,0.1111111111111111,h,h4,1,-0.07142857142857142,0.0,0.07142857142857142,0.07142857142857142,-0.18621963979514805,0.76,0.0,0.9222222222222223,3.8000000000000007
115,I,3,0.4,4,14,0.6365079365079366,0.1111111111111111,h,h4,1,-0.07142857142857142,0.0,0.07142857142857142,0.07142857142857142,-0.18621963979514805,0.76,0.0,1.0,4.5
116,P,3,0.4,4,14,0.6365079365079366,0.1111111111111111,h,h4,1,-0.07142857142857142,0.0,0.07142857142857142,0.07142857142857142,-0.18621963979514805,0.76,0.0,0.3222222222222222,-1.6000000000000005
117,M,3,0.4,4,14,0.6365079365079366,0.1111111111111111,h,h4,1,-0.07142857142857142,0.0,0.07142857142857142,0.07142857142857142,-0.18621963979514805,0.76,0.0,0.7111111111111111,1.9000000000000004
118,L,3,0.4,4,14,0.6365079365079366,0.1111111111111111,h,h4,1,-0.07142857142857142,0.0,0.07142857142857142,0.07142857142857142,-0.18621963979514805,0.76,0.0,0.9222222222222223,3.8000000000000007
119,T,3,0.4,4,14,0.6365079365079366,0.1111111111111111,h,h4,1,-0.07142857142857142,0.0,0.07142857142857142,0.07142857142857142,-0.18621963979514805,0.76,0.0,0.4222222222222222,-0.7000000000000002
120,L,3,0.4,4,14,0.6365079365079366,0.1111111111111111,h,h4,1,-0.07142857142857142,0.0,0.07142857142857142,0.07142857142857142,-0.18621963979514805,0.76,0.0,0.9222222222222223,3.8000000000000007
121,Y,3,0.4,4,14,0.6365079365079366,0.1111111111111111,h,h4,1,-0.07142857142857142,0.0,0.07142857142857142,0.07142857142857142,-0.18621963979514805,0.76,0.0,0.35555555555555557,-1.2999999999999998
122,H,3,0.4,4,14,0.6365079365079366,0.1111111111111111,h,h4,1,-0.07142857142857142,0.0,0.07142857142857142,0.07142857142857142,-0.18621963979514805,0.76,0.0,0.14444444444444443,-3.2
123,W,3,0.4,4,25,0.35555555555555557,0.0,p,p5,2,-0.12,0.08,0.2,0.28,0.09461780343546658,0.0,0.0,0.4,-0.8999999999999999
124,D,3,0.4,4,25,0.35555555555555557,0.0,p,p5,2,-0.12,0.08,0.2,0.28,0.09461780343546658,0.0,0.0,0.1111111111111111,-3.5
125,L,3,0.4,4,25,0.35555555555555557,0.0,p,p5,2,-0.12,0.08,0.2,0.28,0.09461780343546658,0.0,0.0,0.9222222222222223,3.8000000000000007
126,P,3,0.4,4,25,0.35555555555555557,0.0,p,p5,2,-0.12,0.08,0.2,0.28,0.09461780343546658,0.0,0.0,0.3222222222222222,-1.6000000000000005
127,Q,3,0.4,4,25,0.35555555555555557,0.0,p,p5,2,-0.12,0.08,0.2,0.28,0.09461780343546658,0.0,0.0,0.1111111111111111,-3.5
128,W,3,0.4,4,25,0.35555555555555557,0.0,p,p5,2,-0.12,0.08,0.2,0.28,0.09461780343546658,0.0,0.0,0.4,-0.8999999999999999
129,I,3,0.4,4,25,0.35555555555555557,0.0,p,p5,2,-0.12,0.08,0.2,0.28,0.09461780343546658,0.0,0.0,1.0,4.5
130,E,3,0.4,4,25,0.35555555555555557,0.0,p,p5,2,-0.12,0.08,0.2,0.28,0.09461780343546658,0.0,0.0,0.1111111111111111,-3.5
131,D,3,0.4,4,25,0.35555555555555557,0.0,p,p5,2,-0.12,0.08,0.2,0.28,0.09461780343546658,0.0,0.0,0.1111111111111111,-3.5
132,E,3,0.4,4,25,0.35555555555555557,0.0,p,p5,2,-0.12,0.08,0.2,0.28,0.09461780343546658,0.0,0.0,0.1111111111111111,-3.5
133,G,3,0.4,4,25,0.35555555555555557,0.0,p,p5,2,-0.12,0.08,0.2,0.28,0.09461780343546658,0.0,0.0,0.4555555555555555,-0.40000000000000036
134,G,3,0.4,4,25,0.35555555555555557,0.0,p,p5,2,-0.12,0.08,0.2,0.28,0.09461780343546658,0.0,0.0,0.4555555555555555,-0.40000000000000036
135,W,3,0.4,4,25,0.35555555555555557,0.0,p,p5,2,-0.12,0.08,0.2,0.28,0.09461780343546658,0.0,0.0,0.4,-0.8999999999999999
136,T,3,0.4,4,25,0.35555555555555557,0.0,p,p5,2,-0.12,0.08,0.2,0.28,0.09461780343546658,0.0,0.0,0.4222222222222222,-0.7000000000000002
137,Q,3,0.4,4,25,0.35555555555555557,0.0,p,p5,2,-0.12,0.08,0.2,0.28,0.09461780343546658,0.0,0.0,0.1111111111111111,-3.5
138,R,3,0.4,4,25,0.35555555555555557,0.0,p,p5,2,-0.12,0.08,0.2,0.28,0.09461780343546658,0.0,0.0,0.0,-4.5
139,E,3,0.4,4,25,0.35555555555555557,0.0,p,p5,2,-0.12,0.08,0.2,0.28,0.09461780343546658,0.0,0.0,0.1111111111111111,-3.5
140,T,3,0.4,4,25,0.35555555555555557,0.0,p,p5,2,-0.12,0.08,0.2,0.28,0.09461780343546658,0.0,0.0,0.4222222222222222,-0.7000000000000002
141,I,3,0.4,4,25,0.35555555555555557,0.0,p,p5,2,-0.12,0.08,0.2,0.28,0.09461780343546658,0.0,0.0,1.0,4.5
142,Q,3,0.4,4,25,0.35555555555555557,0.0,p,p5,2,-0.12,0.08,0.2,0.28,0.09461780343546658,0.0,0.0,0.1111111111111111,-3.5
143,H,3,0.4,4,25,0.35555555555555557,0.0,p,p5,2,-0.12,0.08,0.2,0.28,0.09461780343546658,0.0,0.0,0.14444444444444443,-3.2
144,F,3,0.4,4,25,0.35555555555555557,0.0,p,p5,2,-0.12,0.08,0.2,0.28,0.09461780343546658,0.0,0.0,0.8111111111111111,2.8
145,K,3,0.4,4,25,0.35555555555555557,0.0,p,p5,2,-0.12,0.08,0.2,0.28,0.09461780343546658,0.0,0.0,0.06666666666666668,-3.9
146,T,3,0.4,4,25,0.35555555555555557,0.0,p,p5,2,-0.12,0.08,0.2,0.28,0.09461780343546658,0.0,0.0,0.4222222222222222,-0.7000000000000002
147,Y,3,0.4,4,25,0.35555555555555557,0.0,p,p5,2,-0.12,0.08,0.2,0.28,0.09461780343546658,0.0,0.0,0.35555555555555557,-1.2999999999999998
148,A,3,0.4,4,6,0.65,0.1111111111111111,h,h5,1,-0.16666666666666666,0.0,0.16666666666666666,0.16666666666666666,-0.16673302027063697,0.76,0.0,0.7,1.7999999999999998
149,S,3,0.4,4,6,0.65,0.1111111111111111,h,h5,1,-0.16666666666666666,0.0,0.16666666666666666,0.16666666666666666,-0.16673302027063697,0.76,0.0,0.41111111111111115,-0.7999999999999998
150,V,3,0.4,4,6,0.65,0.1111111111111111,h,h5,1,-0.16666666666666666,0.0,0.16666666666666666,0.16666666666666666,-0.16673302027063697,0.76,0.0,0.9666666666666666,4.199999999999999
151,I,3,0.4,4,6,0.65,0.1111111111111111,h,h5,1,-0.16666666666666666,0.0,0.16666666666666666,0.16666666666666666,-0.16673302027063697,0.76,0.0,1.0,4.5
152,M,3,0.4,4,6,0.65,0.1111111111111111,h,h5,1,-0.16666666666666666,0.0,0.16666666666666666,0.16666666666666666,-0.16673302027063697,0.76,0.0,0.7111111111111111,1.9000000000000004
153,D,3,0.4,4,6,0.65,0.1111111111111111,h,h5,1,-0.16666666666666666,0.0,0.16666666666666666,0.16666666666666666,-0.16673302027063697,0.76,0.0,0.1111111111111111,-3.5
154,R,3,0.4,4,16,0.3576388888888889,0.0,p,p6,2,0.0,0.125,0.125,0.25,0.05210405710049371,0.0,0.0,0.0,-4.5
155,F,3,0.4,4,16,0.3576388888888889,0.0,p,p6,2,0.0,0.125,0.125,0.25,0.05210405710049371,0.0,0.0,0.8111111111111111,2.8
156,G,3,0.4,4,16,0.3576388888888889,0.0,p,p6,2,0.0,0.125,0.125,0.25,0.05210405710049371,0.0,0.0,0.4555555555555555,-0.40000000000000036
157,E,3,0.4,4,16,0.3576388888888889,0.0,p,p6,2,0.0,0.125,0.125,0.25,0.05210405710049371,0.0,0.0,0.1111111111111111,-3.5
158,R,3,0.4,4,16,0.3576388888888889,0.0,p,p6,2,0.0,0.125,0.125,0.25,0.05210405710049371,0.0,0.0,0.0,-4.5
159,I,3,0.4,4,16,0.3576388888888889,0.0,p,p6,2,0.0,0.125,0.125,0.25,0.05210405710049371,0.0,0.0,1.0,4.5
160,N,3,0.4,4,16,0.3576388888888889,0.0,p,p6,2,0.0,0.125,0.125,0.25,0.05210405710049371,0.0,0.0,0.1111111111111111,-3.5
161,W,3,0.4,4,16,0.3576388888888889,0.0,p,p6,2,0.0,0.125,0.125,0.25,0.05210405710049371,0.0,0.0,0.4,-0.8999999999999999
162,W,3,0.4,4,16,0.3576388888888889,0.0,p,p6,2,0.0,0.125,0.125,0.25,0.05210405710049371,0.0,0.0,0.4,-0.8999999999999999
163,N,3,0.4,4,16,0.3576388888888889,0.0,p,p6,2,0.0,0.125,0.125,0.25,0.05210405710049371,0.0,0.0,0.1111111111111111,-3.5
164,T,3,0.4,4,16,0.3576388888888889,0.0,p,p6,2,0.0,0.125,0.125,0.25,0.05210405710049371,0.0,0.0,0.4222222222222222,-0.7000000000000002
165,I,3,0.4,4,16,0.3576388888888889,0.0,p,p6,2,0.0,0.125,0.125,0.25,0.05210405710049371,0.0,0.0,1.0,4.5
166,N,3,0.4,4,16,0.3576388888888889,0.0,p,p6,2,0.0,0.125,0.125,0.25,0.05210405710049371,0.0,0.0,0.1111111111111111,-3.5
167,E,3,0.4,4,16,0.3576388888888889,0.0,p,p6,2,0.0,0.125,0.125,0.25,0.05210405710049371,0.0,0.0,0.1111111111111111,-3.5
168,P,3,0.4,4,16,0.3576388888888889,0.0,p,p6,2,0.0,0.125,0.125,0.25,0.05210405710049371,0.0,0.0,0.3222222222222222,-1.6000000000000005
169,Y,3,0.4,4,16,0.3576388888888889,0.0,p,p6,2,0.0,0.125,0.125,0.25,0.05210405710049371,0.0,0.0,0.35555555555555557,-1.2999999999999998
170,C,3,0.4,4,10,0.5955555555555556,0.35555555555555557,h,h6,1,0.0,0.0,0.0,0.0,-0.17181528513017813,1.16,0.0,0.7777777777777778,2.5
171,A,3,0.4,4,10,0.5955555555555556,0.35555555555555557,h,h6,1,0.0,0.0,0.0,0.0,-0.17181528513017813,1.16,0.0,0.7,1.7999999999999998
172,S,3,0.4,4,10,0.5955555555555556,0.35555555555555557,h,h6,1,0.0,0.0,0.0,0.0,-0.17181528513017813,1.16,0.0,0.41111111111111115,-0.7999999999999998
173,I,3,0.4,4,10,0.5955555555555556,0.35555555555555557,h,h6,1,0.0,0.0,0.0,0.0,-0.17181528513017813,1.16,0.0,1.0,4.5
174,L,3,0.4,4,10,0.5955555555555556,0.35555555555555557,h,h6,1,0.0,0.0,0.0,0.0,-0.17181528513017813,1.16,0.0,0.9222222222222223,3.8000000000000007
175,G,3,0.4,4,10,0.5955555555555556,0.35555555555555557,h,h6,1,0.0,0.0,0.0,0.0,-0.17181528513017813,1.16,0.0,0.4555555555555555,-0.40000000000000036
176,Y,3,0.4,4,10,0.5955555555555556,0.35555555555555557,h,h6,1,0.0,0.0,0.0,0.0,-0.17181528513017813,1.16,0.0,0.35555555555555557,-1.2999999999999998
177,G,3,0.4,4,10,0.5955555555555556,0.35555555555555557,h,h6,1,0.0,0.0,0.0,0.0,-0.17181528513017813,1.16,0.0,0.4555555555555555,-0.40000000000000036
178,T,3,0.4,4,10,0.5955555555555556,0.35555555555555557,h,h6,1,0.0,0.0,0.0,0.0,-0.17181528513017813,1.16,0.0,0.4222222222222222,-0.7000000000000002
179,G,3,0.4,4,10,0.5955555555555556,0.35555555555555557,h,h6,1,0.0,0.0,0.0,0.0,-0.17181528513017813,1.16,0.0,0.4555555555555555,-0.40000000000000036
180,E,3,0.4,4,12,0.2759259259259259,0.0,p,p7,2,-0.16666666666666666,0.08333333333333333,0.25,0.3333333333333333,0.18533319596283807,0.0,0.0,0.1111111111111111,-3.5
181,H,3,0.4,4,12,0.2759259259259259,0.0,p,p7,2,-0.16666666666666666,0.08333333333333333,0.25,0.3333333333333333,0.18533319596283807,0.0,0.0,0.14444444444444443,-3.2
182,A,3,0.4,4,12,0.2759259259259259,0.0,p,p7,2,-0.16666666666666666,0.08333333333333333,0.25,0.3333333333333333,0.18533319596283807,0.0,0.0,0.7,1.7999999999999998
183,P,3,0.4,4,12,0.2759259259259259,0.0,p,p7,2,-0.16666666666666666,0.08333333333333333,0.25,0.3333333333333333,0.18533319596283807,0.0,0.0,0.3222222222222222,-1.6000000000000005
184,G,3,0.4,4,12,0.2759259259259259,0.0,p,p7,2,-0.16666666666666666,0.08333333333333333,0.25,0.3333333333333333,0.18533319596283807,0.0,0.0,0.4555555555555555,-0.40000000000000036
185,H,3,0.4,4,12,0.2759259259259259,0.0,p,p7,2,-0.16666666666666666,0.08333333333333333,0.25,0.3333333333333333,0.18533319596283807,0.0,0.0,0.14444444444444443,-3.2
186,E,3,0.4,4,12,0.2759259259259259,0.0,p,p7,2,-0.16666666666666666,0.08333333333333333,0.25,0.3333333333333333,0.18533319596283807,0.0,0.0,0.1111111111111111,-3.5
187,N,3,0.4,4,12,0.2759259259259259,0.0,p,p7,2,-0.16666666666666666,0.08333333333333333,0.25,0.3333333333333333,0.18533319596283807,0.0,0.0,0.1111111111111111,-3.5
188,W,3,0.4,4,12,0.2759259259259259,0.0,p,p7,2,-0.16666666666666666,0.08333333333333333,0.25,0.3333333333333333,0.18533319596283807,0.0,0.0,0.4,-0.8999999999999999
189,R,3,0.4,4,12,0.2759259259259259,0.0,p,p7,2,-0.16666666666666666,0.08333333333333333,0.25,0.3333333333333333,0.18533319596283807,0.0,0.0,0.0,-4.5
190,E,3,0.4,4,12,0.2759259259259259,0.0,p,p7,2,-0.16666666666666666,0.08333333333333333,0.25,0.3333333333333333,0.18533319596283807,0.0,0.0,0.1111111111111111,-3.5
191,A,3,0.4,4,12,0.2759259259259259,0.0,p,p7,2,-0.16666666666666666,0.08333333333333333,0.25,0.3333333333333333,0.18533319596283807,0.0,0.0,0.7,1.7999999999999998
192,F,3,0.4,4,5,0.5555555555555556,0.14444444444444443,h,h7a,1,0.0,0.0,0.0,0.0,-0.13416860062204414,0.47,0.0,0.8111111111111111,2.8
193,T,3,0.4,4,5,0.5555555555555556,0.14444444444444443,h,h7a,1,0.0,0.0,0.0,0.0,-0.13416860062204414,0.47,0.0,0.4222222222222222,-0.7000000000000002
194,A,3,0.4,4,5,0.5555555555555556,0.14444444444444443,h,h7a,1,0.0,0.0,0.0,0.0,-0.13416860062204414,0.47,0.0,0.7,1.7999999999999998
195,A,3,0.4,4,5,0.5555555555555556,0.14444444444444443,h,h7a,1,0.0,0.0,0.0,0.0,-0.13416860062204414,0.47,0.0,0.7,1.7999999999999998
196,H,3,0.4,4,5,0.5555555555555556,0.14444444444444443,h,h7a,1,0.0,0.0,0.0,0.0,-0.13416860062204414,0.47,0.0,0.14444444444444443,-3.2
197,H,3,0.4,4,1,0.14444444444444443,0.14444444444444443,s,s6,1,0.0,0.0,0.0,0.0,0.25275565682266604,0.0,0.0,0.14444444444444443,-3.2
198,I,3,0.4,4,11,0.6505050505050506,0.1111111111111111,h,h7b,1,0.0,0.0,0.0,0.0,-0.22353194263630155,0.7,0.0,1.0,4.5
199,L,3,0.4,4,11,0.6505050505050506,0.1111111111111111,h,h7b,1,0.0,0.0,0.0,0.0,-0.22353194263630155,0.7,0.0,0.9222222222222223,3.8000000000000007
200,M,3,0.4,4,11,0.6505050505050506,0.1111111111111111,h,h7b,1,0.0,0.0,0.0,0.0,-0.22353194263630155,0.7,0.0,0.7111111111111111,1.9000000000000004
201,C,3,0.4,4,11,0.6505050505050506,0.1111111111111111,h,h7b,1,0.0,0.0,0.0,0.0,-0.22353194263630155,0.7,0.0,0.7777777777777778,2.5
202,H,3,0.4,4,11,0.6505050505050506,0.1111111111111111,h,h7b,1,0.0,0.0,0.0,0.0,-0.22353194263630155,0.7,0.0,0.14444444444444443,-3.2
203,G,3,0.4,4,11,0.6505050505050506,0.1111111111111111,h,h7b,1,0.0,0.0,0.0,0.0,-0.22353194263630155,0.7,0.0,0.4555555555555555,-0.40000000000000036
204,I,3,0.4,4,11,0.6505050505050506,0.1111111111111111,h,h7b,1,0.0,0.0,0.0,0.0,-0.22353194263630155,0.7,0.0,1.0,4.5
205,A,3,0.4,4,11,0.6505050505050506,0.1111111111111111,h,h7b,1,0.0,0.0,0.0,0.0,-0.22353194263630155,0.7,0.0,0.7,1.7999999999999998
206,S,3,0.4,4,11,0.6505050505050506,0.1111111111111111,h,h7b,1,0.0,0.0,0.0,0.0,-0.22353194263630155,0.7,0.0,0.41111111111111115,-0.7999999999999998
207,N,3,0.4,4,11,0.6505050505050506,0.1111111111111111,h,h7b,1,0.0,0.0,0.0,0.0,-0.22353194263630155,0.7,0.0,0.1111111111111111,-3.5
208,L,3,0.4,4,11,0.6505050505050506,0.1111111111111111,h,h7b,1,0.0,0.0,0.0,0.0,-0.22353194263630155,0.7,0.0,0.9222222222222223,3.8000000000000007
209,H,3,0.4,4,9,0.30123456790123454,0.06666666666666668,p,p8,3,0.2222222222222222,0.3333333333333333,0.1111111111111111,0.4444444444444444,0.18028806294851296,0.0,0.0,0.14444444444444443,-3.2
210,K,3,0.4,4,9,0.30123456790123454,0.06666666666666668,p,p8,3,0.2222222222222222,0.3333333333333333,0.1111111111111111,0.4444444444444444,0.18028806294851296,0.0,0.0,0.06666666666666668,-3.9
211,E,3,0.4,4,9,0.30123456790123454,0.06666666666666668,p,p8,3,0.2222222222222222,0.3333333333333333,0.1111111111111111,0.4444444444444444,0.18028806294851296,0.0,0.0,0.1111111111111111,-3.5
212,K,3,0.4,4,9,0.30123456790123454,0.06666666666666668,p,p8,3,0.2222222222222222,0.3333333333333333,0.1111111111111111,0.4444444444444444,0.18028806294851296,0.0,0.0,0.06666666666666668,-3.9
213,G,3,0.4,4,9,0.30123456790123454,0.06666666666666668,p,p8,3,0.2222222222222222,0.3333333333333333,0.1111111111111111,0.4444444444444444,0.18028806294851296,0.0,0.0,0.4555555555555555,-0.40000000000000036
214,L,3,0.4,4,9,0.30123456790123454,0.06666666666666668,p,p8,3,0.2222222222222222,0.3333333333333333,0.1111111111111111,0.4444444444444444,0.18028806294851296,0.0,0.0,0.9222222222222223,3.8000000000000007
215,T,3,0.4,4,9,0.30123456790123454,0.06666666666666668,p,p8,3,0.2222222222222222,0.3333333333333333,0.1111111111111111,0.4444444444444444,0.18028806294851296,0.0,0.0,0.4222222222222222,-0.7000000000000002
216,G,3,0.4,4,9,0.30123456790123454,0.06666666666666668,p,p8,3,0.2222222222222222,0.3333333333333333,0.1111111111111111,0.4444444444444444,0.18028806294851296,0.0,0.0,0.4555555555555555,-0.40000000000000036
217,K,3,0.4,4,9,0.30123456790123454,0.06666666666666668,p,p8,3,0.2222222222222222,0.3333333333333333,0.1111111111111111,0.4444444444444444,0.18028806294851296,0.0,0.0,0.06666666666666668,-3.9
218,I,3,0.4,4,7,0.6603174603174603,0.1111111111111111,h,h8a,1,0.0,0.0,0.0,0.0,-0.2327670600481092,0.77,0.0,1.0,4.5
219,G,3,0.4,4,7,0.6603174603174603,0.1111111111111111,h,h8a,1,0.0,0.0,0.0,0.0,-0.2327670600481092,0.77,0.0,0.4555555555555555,-0.40000000000000036
220,I,3,0.4,4,7,0.6603174603174603,0.1111111111111111,h,h8a,1,0.0,0.0,0.0,0.0,-0.2327670600481092,0.77,0.0,1.0,4.5
221,T,3,0.4,4,7,0.6603174603174603,0.1111111111111111,h,h8a,1,0.0,0.0,0.0,0.0,-0.2327670600481092,0.77,0.0,0.4222222222222222,-0.7000000000000002
222,L,3,0.4,4,7,0.6603174603174603,0.1111111111111111,h,h8a,1,0.0,0.0,0.0,0.0,-0.2327670600481092,0.77,0.0,0.9222222222222223,3.8000000000000007
223,N,3,0.4,4,7,0.6603174603174603,0.1111111111111111,h,h8a,1,0.0,0.0,0.0,0.0,-0.2327670600481092,0.77,0.0,0.1111111111111111,-3.5
224,M,3,0.4,4,7,0.6603174603174603,0.1111111111111111,h,h8a,1,0.0,0.0,0.0,0.0,-0.2327670600481092,0.77,0.0,0.7111111111111111,1.9000000000000004
225,E,3,0.4,4,2,0.12777777777777777,0.1111111111111111,s,s7,4,-0.5,0.0,0.5,0.5,0.43741253168789224,0.0,0.0,0.1111111111111111,-3.5
226,H,3,0.4,4,2,0.12777777777777777,0.1111111111111111,s,s7,4,-0.5,0.0,0.5,0.5,0.43741253168789224,0.0,0.0,0.14444444444444443,-3.2
227,V,3,0.4,4,6,0.5,0.1111111111111111,h,h8b,2,-0.3333333333333333,0.0,0.3333333333333333,0.3333333333333333,0.0307656320749222,0.76,0.0,0.9666666666666666,4.199999999999999
228,D,3,0.4,4,6,0.5,0.1111111111111111,h,h8b,2,-0.3333333333333333,0.0,0.3333333333333333,0.3333333333333333,0.0307656320749222,0.76,0.0,0.1111111111111111,-3.5
229,A,3,0.4,4,6,0.5,0.1111111111111111,h,h8b,2,-0.3333333333333333,0.0,0.3333333333333333,0.3333333333333333,0.0307656320749222,0.76,0.0,0.7,1.7999999999999998
230,A,3,0.4,4,6,0.5,0.1111111111111111,h,h8b,2,-0.3333333333333333,0.0,0.3333333333333333,0.3333333333333333,0.0307656320749222,0.76,0.0,0.7,1.7999999999999998
231,S,3,0.4,4,6,0.5,0.1111111111111111,h,h8b,2,-0.3333333333333333,0.0,0.3333333333333333,0.3333333333333333,0.0307656320749222,0.76,0.0,0.41111111111111115,-0.7999999999999998
232,E,3,0.4,4,6,0.5,0.1111111111111111,h,h8b,2,-0.3333333333333333,0.0,0.3333333333333333,0.3333333333333333,0.0307656320749222,0.76,0.0,0.1111111111111111,-3.5
233,R,3,0.4,4,5,0.3022222222222222,0.0,p,p9,3,-0.2,0.2,0.4,0.6000000000000001,0.17184870379087244,0.0,0.0,0.0,-4.5
234,P,3,0.4,4,5,0.3022222222222222,0.0,p,p9,3,-0.2,0.2,0.4,0.6000000000000001,0.17184870379087244,0.0,0.0,0.3222222222222222,-1.6000000000000005
235,E,3,0.4,4,5,0.3022222222222222,0.0,p,p9,3,-0.2,0.2,0.4,0.6000000000000001,0.17184870379087244,0.0,0.0,0.1111111111111111,-3.5
236,D,3,0.4,4,5,0.3022222222222222,0.0,p,p9,3,-0.2,0.2,0.4,0.6000000000000001,0.17184870379087244,0.0,0.0,0.1111111111111111,-3.5
237,V,3,0.4,4,5,0.3022222222222222,0.0,p,p9,3,-0.2,0.2,0.4,0.6000000000000001,0.17184870379087244,0.0,0.0,0.9666666666666666,4.199999999999999
238,A,3,0.4,4,5,0.6199999999999999,0.0,h,h9,1,0.2,0.2,0.0,0.2,-0.12723328980152496,0.0,0.0,0.7,1.7999999999999998
239,A,3,0.4,4,5,0.6199999999999999,0.0,h,h9,1,0.2,0.2,0.0,0.2,-0.12723328980152496,0.0,0.0,0.7,1.7999999999999998
240,A,3,0.4,4,5,0.6199999999999999,0.0,h,h9,1,0.2,0.2,0.0,0.2,-0.12723328980152496,0.0,0.0,0.7,1.7999999999999998
241,I,3,0.4,4,5,0.6199999999999999,0.0,h,h9,1,0.2,0.2,0.0,0.2,-0.12723328980152496,0.0,0.0,1.0,4.5
242,R,3,0.4,4,5,0.6199999999999999,0.0,h,h9,1,0.2,0.2,0.0,0.2,-0.12723328980152496,0.0,0.0,0.0,-4.5
243,R,3,0.4,4,12,0.32870370370370366,0.0,p,p10,3,-0.08333333333333333,0.16666666666666666,0.25,0.41666666666666663,0.10749869451679961,0.0,0.0,0.0,-4.5
244,D,3,0.4,4,12,0.32870370370370366,0.0,p,p10,3,-0.08333333333333333,0.16666666666666666,0.25,0.41666666666666663,0.10749869451679961,0.0,0.0,0.1111111111111111,-3.5
245,G,3,0.4,4,12,0.32870370370370366,0.0,p,p10,3,-0.08333333333333333,0.16666666666666666,0.25,0.41666666666666663,0.10749869451679961,0.0,0.0,0.4555555555555555,-0.40000000000000036
246,F,3,0.4,4,12,0.32870370370370366,0.0,p,p10,3,-0.08333333333333333,0.16666666666666666,0.25,0.41666666666666663,0.10749869451679961,0.0,0.0,0.8111111111111111,2.8
247,E,3,0.4,4,12,0.32870370370370366,0.0,p,p10,3,-0.08333333333333333,0.16666666666666666,0.25,0.41666666666666663,0.10749869451679961,0.0,0.0,0.1111111111111111,-3.5
248,N,3,0.4,4,12,0.32870370370370366,0.0,p,p10,3,-0.08333333333333333,0.16666666666666666,0.25,0.41666666666666663,0.10749869451679961,0.0,0.0,0.1111111111111111,-3.5
249,R,3,0.4,4,12,0.32870370370370366,0.0,p,p10,3,-0.08333333333333333,0.16666666666666666,0.25,0.41666666666666663,0.10749869451679961,0.0,0.0,0.0,-4.5
250,W,3,0.4,4,12,0.32870370370370366,0.0,p,p10,3,-0.08333333333333333,0.16666666666666666,0.25,0.41666666666666663,0.10749869451679961,0.0,0.0,0.4,-0.8999999999999999
251,F,3,0.4,4,12,0.32870370370370366,0.0,p,p10,3,-0.08333333333333333,0.16666666666666666,0.25,0.41666666666666663,0.10749869451679961,0.0,0.0,0.8111111111111111,2.8
252,A,3,0.4,4,12,0.32870370370370366,0.0,p,p10,3,-0.08333333333333333,0.16666666666666666,0.25,0.41666666666666663,0.10749869451679961,0.0,0.0,0.7,1.7999999999999998
253,E,3,0.4,4,12,0.32870370370370366,0.0,p,p10,3,-0.08333333333333333,0.16666666666666666,0.25,0.41666666666666663,0.10749869451679961,0.0,0.0,0.1111111111111111,-3.5
254,P,3,0.4,4,12,0.32870370370370366,0.0,p,p10,3,-0.08333333333333333,0.16666666666666666,0.25,0.41666666666666663,0.10749869451679961,0.0,0.0,0.3222222222222222,-1.6000000000000005
255,L,3,0.4,4,4,0.575,0.1111111111111111,h,h10,1,0.0,0.0,0.0,0.0,-0.1524690722579425,0.43,0.0,0.9222222222222223,3.8000000000000007
256,F,3,0.4,4,4,0.575,0.1111111111111111,h,h10,1,0.0,0.0,0.0,0.0,-0.1524690722579425,0.43,0.0,0.8111111111111111,2.8
257,N,3,0.4,4,4,0.575,0.1111111111111111,h,h10,1,0.0,0.0,0.0,0.0,-0.1524690722579425,0.43,0.0,0.1111111111111111,-3.5
258,G,3,0.4,4,4,0.575,0.1111111111111111,h,h10,1,0.0,0.0,0.0,0.0,-0.1524690722579425,0.43,0.0,0.4555555555555555,-0.40000000000000036
259,K,3,0.4,4,10,0.3511111111111111,0.06666666666666668,p,p11,3,-0.2,0.1,0.3,0.4,0.12583608939204205,0.0,0.0,0.06666666666666668,-3.9
260,Y,3,0.4,4,10,0.3511111111111111,0.06666666666666668,p,p11,3,-0.2,0.1,0.3,0.4,0.12583608939204205,0.0,0.0,0.35555555555555557,-1.2999999999999998
261,P,3,0.4,4,10,0.3511111111111111,0.06666666666666668,p,p11,3,-0.2,0.1,0.3,0.4,0.12583608939204205,0.0,0.0,0.3222222222222222,-1.6000000000000005
262,E,3,0.4,4,10,0.3511111111111111,0.06666666666666668,p,p11,3,-0.2,0.1,0.3,0.4,0.12583608939204205,0.0,0.0,0.1111111111111111,-3.5
263,D,3,0.4,4,10,0.3511111111111111,0.06666666666666668,p,p11,3,-0.2,0.1,0.3,0.4,0.12583608939204205,0.0,0.0,0.1111111111111111,-3.5
264,M,3,0.4,4,10,0.3511111111111111,0.06666666666666668,p,p11,3,-0.2,0.1,0.3,0.4,0.12583608939204205,0.0,0.0,0.7111111111111111,1.9000000000000004
265,V,3,0.4,4,10,0.3511111111111111,0.06666666666666668,p,p11,3,-0.2,0.1,0.3,0.4,0.12583608939204205,0.0,0.0,0.9666666666666666,4.199999999999999
266,E,3,0.4,4,10,0.3511111111111111,0.06666666666666668,p,p11,3,-0.2,0.1,0.3,0.4,0.12583608939204205,0.0,0.0,0.1111111111111111,-3.5
267,W,3,0.4,4,10,0.3511111111111111,0.06666666666666668,p,p11,3,-0.2,0.1,0.3,0.4,0.12583608939204205,0.0,0.0,0.4,-0.8999999999999999
268,Y,3,0.4,4,10,0.3511111111111111,0.06666666666666668,p,p11,3,-0.2,0.1,0.3,0.4,0.12583608939204205,0.0,0.0,0.35555555555555557,-1.2999999999999998
269,G,3,0.4,4,12,0.49722222222222223,0.1111111111111111,h,h11,1,-0.08333333333333333,0.0,0.08333333333333333,0.08333333333333333,-0.05110539299432036,0.69,0.0,0.4555555555555555,-0.40000000000000036
270,T,3,0.4,4,12,0.49722222222222223,0.1111111111111111,h,h11,1,-0.08333333333333333,0.0,0.08333333333333333,0.08333333333333333,-0.05110539299432036,0.69,0.0,0.4222222222222222,-0.7000000000000002
271,Y,3,0.4,4,12,0.49722222222222223,0.1111111111111111,h,h11,1,-0.08333333333333333,0.0,0.08333333333333333,0.08333333333333333,-0.05110539299432036,0.69,0.0,0.35555555555555557,-1.2999999999999998
272,L,3,0.4,4,12,0.49722222222222223,0.1111111111111111,h,h11,1,-0.08333333333333333,0.0,0.08333333333333333,0.08333333333333333,-0.05110539299432036,0.69,0.0,0.9222222222222223,3.8000000000000007
273,N,3,0.4,4,12,0.49722222222222223,0.1111111111111111,h,h11,1,-0.08333333333333333,0.0,0.08333333333333333,0.08333333333333333,-0.05110539299432036,0.69,0.0,0.1111111111111111,-3.5
274,G,3,0.4,4,12,0.49722222222222223,0.1111111111111111,h,h11,1,-0.08333333333333333,0.0,0.08333333333333333,0.08333333333333333,-0.05110539299432036,0.69,0.0,0.4555555555555555,-0.40000000000000036
275,L,3,0.4,4,12,0.49722222222222223,0.1111111111111111,h,h11,1,-0.08333333333333333,0.0,0.08333333333333333,0.08333333333333333,-0.05110539299432036,0.69,0.0,0.9222222222222223,3.8000000000000007
276,D,3,0.4,4,12,0.49722222222222223,0.1111111111111111,h,h11,1,-0.08333333333333333,0.0,0.08333333333333333,0.08333333333333333,-0.05110539299432036,0.69,0.0,0.1111111111111111,-3.5
277,F,3,0.4,4,12,0.49722222222222223,0.1111111111111111,h,h11,1,-0.08333333333333333,0.0,0.08333333333333333,0.08333333333333333,-0.05110539299432036,0.69,0.0,0.8111111111111111,2.8
278,V,3,0.4,4,12,0.49722222222222223,0.1111111111111111,h,h11,1,-0.08333333333333333,0.0,0.08333333333333333,0.08333333333333333,-0.05110539299432036,0.69,0.0,0.9666666666666666,4.199999999999999
279,Q,3,0.4,4,12,0.49722222222222223,0.1111111111111111,h,h11,1,-0.08333333333333333,0.0,0.08333333333333333,0.08333333333333333,-0.05110539299432036,0.69,0.0,0.1111111111111111,-3.5
280,P,3,0.4,4,12,0.49722222222222223,0.1111111111111111,h,h11,1,-0.08333333333333333,0.0,0.08333333333333333,0.08333333333333333,-0.05110539299432036,0.69,0.0,0.3222222222222222,-1.6000000000000005
281,G,3,0.4,4,4,0.3472222222222222,0.1111111111111111,p,p12,4,-0.5,0.0,0.5,0.5,0.23087863751132398,0.0,0.0,0.4555555555555555,-0.40000000000000036
282,D,3,0.4,4,4,0.3472222222222222,0.1111111111111111,p,p12,4,-0.5,0.0,0.5,0.5,0.23087863751132398,0.0,0.0,0.1111111111111111,-3.5
283,M,3,0.4,4,4,0.3472222222222222,0.1111111111111111,p,p12,4,-0.5,0.0,0.5,0.5,0.23087863751132398,0.0,0.0,0.7111111111111111,1.9000000000000004
284,E,3,0.4,4,4,0.3472222222222222,0.1111111111111111,p,p12,4,-0.5,0.0,0.5,0.5,0.23087863751132398,0.0,0.0,0.1111111111111111,-3.5
285,L,3,0.4,4,4,0.5361111111111111,0.1111111111111111,h,h12a,1,0.0,0.0,0.0,0.0,-0.11586812898614564,0.43,0.0,0.9222222222222223,3.8000000000000007
286,I,3,0.4,4,4,0.5361111111111111,0.1111111111111111,h,h12a,1,0.0,0.0,0.0,0.0,-0.11586812898614564,0.43,0.0,1.0,4.5
287,Q,3,0.4,4,4,0.5361111111111111,0.1111111111111111,h,h12a,1,0.0,0.0,0.0,0.0,-0.11586812898614564,0.43,0.0,0.1111111111111111,-3.5
288,Q,3,0.4,4,4,0.5361111111111111,0.1111111111111111,h,h12a,1,0.0,0.0,0.0,0.0,-0.11586812898614564,0.43,0.0,0.1111111111111111,-3.5
289,P,3,0.4,4,3,0.2962962962962963,0.1111111111111111,s,s8,2,-0.3333333333333333,0.0,0.3333333333333333,0.3333333333333333,0.22248485873671553,0.0,0.0,0.3222222222222222,-1.6000000000000005
290,G,3,0.4,4,3,0.2962962962962963,0.1111111111111111,s,s8,2,-0.3333333333333333,0.0,0.3333333333333333,0.3333333333333333,0.22248485873671553,0.0,0.0,0.4555555555555555,-0.40000000000000036
291,D,3,0.4,4,3,0.2962962962962963,0.1111111111111111,s,s8,2,-0.3333333333333333,0.0,0.3333333333333333,0.3333333333333333,0.22248485873671553,0.0,0.0,0.1111111111111111,-3.5
292,F,3,0.4,4,6,0.6092592592592593,0.1111111111111111,h,h12b,1,0.0,0.0,0.0,0.0,-0.1847127603783351,0.76,0.0,0.8111111111111111,2.8
293,L,3,0.4,4,6,0.6092592592592593,0.1111111111111111,h,h12b,1,0.0,0.0,0.0,0.0,-0.1847127603783351,0.76,0.0,0.9222222222222223,3.8000000000000007
294,G,3,0.4,4,6,0.6092592592592593,0.1111111111111111,h,h12b,1,0.0,0.0,0.0,0.0,-0.1847127603783351,0.76,0.0,0.4555555555555555,-0.40000000000000036
295,I,3,0.4,4,6,0.6092592592592593,0.1111111111111111,h,h12b,1,0.0,0.0,0.0,0.0,-0.1847127603783351,0.76,0.0,1.0,4.5
296,N,3,0.4,4,6,0.6092592592592593,0.1111111111111111,h,h12b,1,0.0,0.0,0.0,0.0,-0.1847127603783351,0.76,0.0,0.1111111111111111,-3.5
297,Y,3,0.4,4,6,0.6092592592592593,0.1111111111111111,h,h12b,1,0.0,0.0,0.0,0.0,-0.1847127603783351,0.76,0.0,0.35555555555555557,-1.2999999999999998
298,Y,3,0.4,4,4,0.2972222222222222,0.0,p,p13,2,0.25,0.25,0.0,0.25,0.19345161498640623,0.0,0.0,0.35555555555555557,-1.2999999999999998
299,T,3,0.4,4,4,0.2972222222222222,0.0,p,p13,2,0.25,0.25,0.0,0.25,0.19345161498640623,0.0,0.0,0.4222222222222222,-0.7000000000000002
300,R,3,0.4,4,4,0.2972222222222222,0.0,p,p13,2,0.25,0.25,0.0,0.25,0.19345161498640623,0.0,0.0,0.0,-4.5
301,S,3,0.4,4,4,0.2972222222222222,0.0,p,p13,2,0.25,0.25,0.0,0.25,0.19345161498640623,0.0,0.0,0.41111111111111115,-0.7999999999999998
302,I,3,0.4,4,4,0.6027777777777777,0.0,h,h13,2,0.25,0.25,0.0,0.25,-0.0941272250062837,0.0,0.0,1.0,4.5
303,I,3,0.4,4,4,0.6027777777777777,0.0,h,h13,2,0.25,0.25,0.0,0.25,-0.0941272250062837,0.0,0.0,1.0,4.5
304,R,3,0.4,4,4,0.6027777777777777,0.0,h,h13,2,0.25,0.25,0.0,0.25,-0.0941272250062837,0.0,0.0,0.0,-4.5
305,S,3,0.4,4,4,0.6027777777777777,0.0,h,h13,2,0.25,0.25,0.0,0.25,-0.0941272250062837,0.0,0.0,0.41111111111111115,-0.7999999999999998
306,T,3,0.4,4,4,0.3361111111111111,0.1111111111111111,p,p14,2,-0.25,0.0,0.25,0.25,0.15685067171460937,0.0,0.0,0.4222222222222222,-0.7000000000000002
307,N,3,0.4,4,4,0.3361111111111111,0.1111111111111111,p,p14,2,-0.25,0.0,0.25,0.25,0.15685067171460937,0.0,0.0,0.1111111111111111,-3.5
308,D,3,0.4,4,4,0.3361111111111111,0.1111111111111111,p,p14,2,-0.25,0.0,0.25,0.25,0.15685067171460937,0.0,0.0,0.1111111111111111,-3.5
309,A,3,0.4,4,4,0.3361111111111111,0.1111111111111111,p,p14,2,-0.25,0.0,0.25,0.25,0.15685067171460937,0.0,0.0,0.7,1.7999999999999998
310,S,3,0.4,4,5,0.6666666666666667,0.1111111111111111,h,h14,1,0.0,0.0,0.0,0.0,-0.2387427242557496,0.44,0.0,0.41111111111111115,-0.7999999999999998
311,L,3,0.4,4,5,0.6666666666666667,0.1111111111111111,h,h14,1,0.0,0.0,0.0,0.0,-0.2387427242557496,0.44,0.0,0.9222222222222223,3.8000000000000007
312,L,3,0.4,4,5,0.6666666666666667,0.1111111111111111,h,h14,1,0.0,0.0,0.0,0.0,-0.2387427242557496,0.44,0.0,0.9222222222222223,3.8000000000000007
313,Q,3,0.4,4,5,0.6666666666666667,0.1111111111111111,h,h14,1,0.0,0.0,0.0,0.0,-0.2387427242557496,0.44,0.0,0.1111111111111111,-3.5
314,V,3,0.4,4,5,0.6666666666666667,0.1111111111111111,h,h14,1,0.0,0.0,0.0,0.0,-0.2387427242557496,0.44,0.0,0.9666666666666666,4.199999999999999
315,E,3,0.4,4,8,0.32361111111111107,0.1111111111111111,p,p15,4,-0.375,0.0,0.375,0.375,0.21085794970344382,0.0,0.0,0.1111111111111111,-3.5
316,Q,3,0.4,4,8,0.32361111111111107,0.1111111111111111,p,p15,4,-0.375,0.0,0.375,0.375,0.21085794970344382,0.0,0.0,0.1111111111111111,-3.5
317,V,3,0.4,4,8,0.32361111111111107,0.1111111111111111,p,p15,4,-0.375,0.0,0.375,0.375,0.21085794970344382,0.0,0.0,0.9666666666666666,4.199999999999999
318,H,3,0.4,4,8,0.32361111111111107,0.1111111111111111,p,p15,4,-0.375,0.0,0.375,0.375,0.21085794970344382,0.0,0.0,0.14444444444444443,-3.2
319,M,3,0.4,4,8,0.32361111111111107,0.1111111111111111,p,p15,4,-0.375,0.0,0.375,0.375,0.21085794970344382,0.0,0.0,0.7111111111111111,1.9000000000000004
320,E,3,0.4,4,8,0.32361111111111107,0.1111111111111111,p,p15,4,-0.375,0.0,0.375,0.375,0.21085794970344382,0.0,0.0,0.1111111111111111,-3.5
321,E,3,0.4,4,8,0.32361111111111107,0.1111111111111111,p,p15,4,-0.375,0.0,0.375,0.375,0.21085794970344382,0.0,0.0,0.1111111111111111,-3.5
322,P,3,0.4,4,8,0.32361111111111107,0.1111111111111111,p,p15,4,-0.375,0.0,0.375,0.375,0.21085794970344382,0.0,0.0,0.3222222222222222,-1.6000000000000005
323,V,3,0.4,4,6,0.5111111111111111,0.1111111111111111,h,h15,1,-0.16666666666666666,0.0,0.16666666666666666,0.16666666666666666,-0.0360153657285051,0.76,0.0,0.9666666666666666,4.199999999999999
324,T,3,0.4,4,6,0.5111111111111111,0.1111111111111111,h,h15,1,-0.16666666666666666,0.0,0.16666666666666666,0.16666666666666666,-0.0360153657285051,0.76,0.0,0.4222222222222222,-0.7000000000000002
325,D,3,0.4,4,6,0.5111111111111111,0.1111111111111111,h,h15,1,-0.16666666666666666,0.0,0.16666666666666666,0.16666666666666666,-0.0360153657285051,0.76,0.0,0.1111111111111111,-3.5
326,M,3,0.4,4,6,0.5111111111111111,0.1111111111111111,h,h15,1,-0.16666666666666666,0.0,0.16666666666666666,0.16666666666666666,-0.0360153657285051,0.76,0.0,0.7111111111111111,1.9000000000000004
327,G,3,0.4,4,6,0.5111111111111111,0.1111111111111111,h,h15,1,-0.16666666666666666,0.0,0.16666666666666666,0.16666666666666666,-0.0360153657285051,0.76,0.0,0.4555555555555555,-0.40000000000000036
328,W,3,0.4,4,6,0.5111111111111111,0.1111111111111111,h,h15,1,-0.16666666666666666,0.0,0.16666666666666666,0.16666666666666666,-0.0360153657285051,0.76,0.0,0.4,-0.8999999999999999
329,E,3,0.4,4,6,0.35000000000000003,0.1111111111111111,p,p16,2,-0.3333333333333333,0.0,0.3333333333333333,0.3333333333333333,0.17194069898042452,0.0,0.0,0.1111111111111111,-3.5
330,I,3,0.4,4,6,0.35000000000000003,0.1111111111111111,p,p16,2,-0.3333333333333333,0.0,0.3333333333333333,0.3333333333333333,0.17194069898042452,0.0,0.0,1.0,4.5
331,H,3,0.4,4,6,0.35000000000000003,0.1111111111111111,p,p16,2,-0.3333333333333333,0.0,0.3333333333333333,0.3333333333333333,0.17194069898042452,0.0,0.0,0.14444444444444443,-3.2
332,P,3,0.4,4,6,0.35000000000000003,0.1111111111111111,p,p16,2,-0.3333333333333333,0.0,0.3333333333333333,0.3333333333333333,0.17194069898042452,0.0,0.0,0.3222222222222222,-1.6000000000000005
333,E,3,0.4,4,6,0.35000000000000003,0.1111111111111111,p,p16,2,-0.3333333333333333,0.0,0.3333333333333333,0.3333333333333333,0.17194069898042452,0.0,0.0,0.1111111111111111,-3.5
334,S,3,0.4,4,6,0.35000000000000003,0.1111111111111111,p,p16,2,-0.3333333333333333,0.0,0.3333333333333333,0.3333333333333333,0.17194069898042452,0.0,0.0,0.41111111111111115,-0.7999999999999998
335,F,3,0.4,4,8,0.5625,0.0,h,h16,2,0.25,0.25,0.0,0.25,-0.056219105189065505,0.0,0.0,0.8111111111111111,2.8
336,Y,3,0.4,4,8,0.5625,0.0,h,h16,2,0.25,0.25,0.0,0.25,-0.056219105189065505,0.0,0.0,0.35555555555555557,-1.2999999999999998
337,K,3,0.4,4,8,0.5625,0.0,h,h16,2,0.25,0.25,0.0,0.25,-0.056219105189065505,0.0,0.0,0.06666666666666668,-3.9
338,L,3,0.4,4,8,0.5625,0.0,h,h16,2,0.25,0.25,0.0,0.25,-0.056219105189065505,0.0,0.0,0.9222222222222223,3.8000000000000007
339,L,3,0.4,4,8,0.5625,0.0,h,h16,2,0.25,0.25,0.0,0.25,-0.056219105189065505,0.0,0.0,0.9222222222222223,3.8000000000000007
340,T,3,0.4,4,8,0.5625,0.0,h,h16,2,0.25,0.25,0.0,0.25,-0.056219105189065505,0.0,0.0,0.4222222222222222,-0.7000000000000002
341,R,3,0.4,4,8,0.5625,0.0,h,h16,2,0.25,0.25,0.0,0.25,-0.056219105189065505,0.0,0.0,0.0,-4.5
342,I,3,0.4,4,8,0.5625,0.0,h,h16,2,0.25,0.25,0.0,0.25,-0.056219105189065505,0.0,0.0,1.0,4.5
343,E,3,0.4,4,7,0.29047619047619044,0.06666666666666668,p,p17,3,0.0,0.2857142857142857,0.2857142857142857,0.5714285714285714,0.1153153800469389,0.0,0.0,0.1111111111111111,-3.5
344,K,3,0.4,4,7,0.29047619047619044,0.06666666666666668,p,p17,3,0.0,0.2857142857142857,0.2857142857142857,0.5714285714285714,0.1153153800469389,0.0,0.0,0.06666666666666668,-3.9
345,D,3,0.4,4,7,0.29047619047619044,0.06666666666666668,p,p17,3,0.0,0.2857142857142857,0.2857142857142857,0.5714285714285714,0.1153153800469389,0.0,0.0,0.1111111111111111,-3.5
346,F,3,0.4,4,7,0.29047619047619044,0.06666666666666668,p,p17,3,0.0,0.2857142857142857,0.2857142857142857,0.5714285714285714,0.1153153800469389,0.0,0.0,0.8111111111111111,2.8
347,S,3,0.4,4,7,0.29047619047619044,0.06666666666666668,p,p17,3,0.0,0.2857142857142857,0.2857142857142857,0.5714285714285714,0.1153153800469389,0.0,0.0,0.41111111111111115,-0.7999999999999998
348,K,3,0.4,4,7,0.29047619047619044,0.06666666666666668,p,p17,3,0.0,0.2857142857142857,0.2857142857142857,0.5714285714285714,0.1153153800469389,0.0,0.0,0.06666666666666668,-3.9
349,G,3,0.4,4,7,0.29047619047619044,0.06666666666666668,p,p17,3,0.0,0.2857142857142857,0.2857142857142857,0.5714285714285714,0.1153153800469389,0.0,0.0,0.4555555555555555,-0.40000000000000036
350,L,3,0.4,4,7,0.6714285714285715,0.1111111111111111,h,h17a,1,-0.14285714285714285,0.0,0.14285714285714285,0.14285714285714285,-0.19494711346285976,0.77,0.0,0.9222222222222223,3.8000000000000007
351,P,3,0.4,4,7,0.6714285714285715,0.1111111111111111,h,h17a,1,-0.14285714285714285,0.0,0.14285714285714285,0.14285714285714285,-0.19494711346285976,0.77,0.0,0.3222222222222222,-1.6000000000000005
352,I,3,0.4,4,7,0.6714285714285715,0.1111111111111111,h,h17a,1,-0.14285714285714285,0.0,0.14285714285714285,0.14285714285714285,-0.19494711346285976,0.77,0.0,1.0,4.5
353,L,3,0.4,4,7,0.6714285714285715,0.1111111111111111,h,h17a,1,-0.14285714285714285,0.0,0.14285714285714285,0.14285714285714285,-0.19494711346285976,0.77,0.0,0.9222222222222223,3.8000000000000007
354,I,3,0.4,4,7,0.6714285714285715,0.1111111111111111,h,h17a,1,-0.14285714285714285,0.0,0.14285714285714285,0.14285714285714285,-0.19494711346285976,0.77,0.0,1.0,4.5
355,T,3,0.4,4,7,0.6714285714285715,0.1111111111111111,h,h17a,1,-0.14285714285714285,0.0,0.14285714285714285,0.14285714285714285,-0.19494711346285976,0.77,0.0,0.4222222222222222,-0.7000000000000002
356,E,3,0.4,4,7,0.6714285714285715,0.1111111111111111,h,h17a,1,-0.14285714285714285,0.0,0.14285714285714285,0.14285714285714285,-0.19494711346285976,0.77,0.0,0.1111111111111111,-3.5
357,N,3,0.4,4,2,0.2833333333333333,0.1111111111111111,s,s9,1,0.0,0.0,0.0,0.0,0.12203800228053424,0.0,0.0,0.1111111111111111,-3.5
358,G,3,0.4,4,2,0.2833333333333333,0.1111111111111111,s,s9,1,0.0,0.0,0.0,0.0,0.12203800228053424,0.0,0.0,0.4555555555555555,-0.40000000000000036
359,A,3,0.4,4,4,0.5277777777777778,0.0,h,h17b,2,0.25,0.25,0.0,0.25,-0.02353969155353257,0.0,0.0,0.7,1.7999999999999998
360,A,3,0.4,4,4,0.5277777777777778,0.0,h,h17b,2,0.25,0.25,0.0,0.25,-0.02353969155353257,0.0,0.0,0.7,1.7999999999999998
361,M,3,0.4,4,4,0.5277777777777778,0.0,h,h17b,2,0.25,0.25,0.0,0.25,-0.02353969155353257,0.0,0.0,0.7111111111111111,1.9000000000000004
362,R,3,0.4,4,4,0.5277777777777778,0.0,h,h17b,2,0.25,0.25,0.0,0.25,-0.02353969155353257,0.0,0.0,0.0,-4.5
363,D,3,0.4,4,37,0.39669669669669666,0.0,p,p18,2,-0.10810810810810811,0.10810810810810811,0.21621621621621623,0.32432432432432434,0.05187835048023651,0.0,0.0,0.1111111111111111,-3.5
364,E,3,0.4,4,37,0.39669669669669666,0.0,p,p18,2,-0.10810810810810811,0.10810810810810811,0.21621621621621623,0.32432432432432434,0.05187835048023651,0.0,0.0,0.1111111111111111,-3.5
365,L,3,0.4,4,37,0.39669669669669666,0.0,p,p18,2,-0.10810810810810811,0.10810810810810811,0.21621621621621623,0.32432432432432434,0.05187835048023651,0.0,0.0,0.9222222222222223,3.8000000000000007
366,V,3,0.4,4,37,0.39669669669669666,0.0,p,p18,2,-0.10810810810810811,0.10810810810810811,0.21621621621621623,0.32432432432432434,0.05187835048023651,0.0,0.0,0.9666666666666666,4.199999999999999
367,N,3,0.4,4,37,0.39669669669669666,0.0,p,p18,2,-0.10810810810810811,0.10810810810810811,0.21621621621621623,0.32432432432432434,0.05187835048023651,0.0,0.0,0.1111111111111111,-3.5
368,G,3,0.4,4,37,0.39669669669669666,0.0,p,p18,2,-0.10810810810810811,0.10810810810810811,0.21621621621621623,0.32432432432432434,0.05187835048023651,0.0,0.0,0.4555555555555555,-0.40000000000000036
369,Q,3,0.4,4,37,0.39669669669669666,0.0,p,p18,2,-0.10810810810810811,0.10810810810810811,0.21621621621621623,0.32432432432432434,0.05187835048023651,0.0,0.0,0.1111111111111111,-3.5
370,I,3,0.4,4,37,0.39669669669669666,0.0,p,p18,2,-0.10810810810810811,0.10810810810810811,0.21621621621621623,0.32432432432432434,0.05187835048023651,0.0,0.0,1.0,4.5
371,E,3,0.4,4,37,0.39669669669669666,0.0,p,p18,2,-0.10810810810810811,0.10810810810810811,0.21621621621621623,0.32432432432432434,0.05187835048023651,0.0,0.0,0.1111111111111111,-3.5
372,D,3,0.4,4,37,0.39669669669669666,0.0,p,p18,2,-0.10810810810810811,0.10810810810810811,0.21621621621621623,0.32432432432432434,0.05187835048023651,0.0,0.0,0.1111111111111111,-3.5
373,T,3,0.4,4,37,0.39669669669669666,0.0,p,p18,2,-0.10810810810810811,0.10810810810810811,0.21621621621621623,0.32432432432432434,0.05187835048023651,0.0,0.0,0.4222222222222222,-0.7000000000000002
374,G,3,0.4,4,37,0.39669669669669666,0.0,p,p18,2,-0.10810810810810811,0.10810810810810811,0.21621621621621623,0.32432432432432434,0.05187835048023651,0.0,0.0,0.4555555555555555,-0.40000000000000036
375,R,3,0.4,4,37,0.39669669669669666,0.0,p,p18,2,-0.10810810810810811,0.10810810810810811,0.21621621621621623,0.32432432432432434,0.05187835048023651,0.0,0.0,0.0,-4.5
376,H,3,0.4,4,37,0.39669669669669666,0.0,p,p18,2,-0.10810810810810811,0.10810810810810811,0.21621621621621623,0.32432432432432434,0.05187835048023651,0.0,0.0,0.14444444444444443,-3.2
377,G,3,0.4,4,37,0.39669669669669666,0.0,p,p18,2,-0.10810810810810811,0.10810810810810811,0.21621621621621623,0.32432432432432434,0.05187835048023651,0.0,0.0,0.4555555555555555,-0.40000000000000036
378,Y,3,0.4,4,37,0.39669669669669666,0.0,p,p18,2,-0.10810810810810811,0.10810810810810811,0.21621621621621623,0.32432432432432434,0.05187835048023651,0.0,0.0,0.35555555555555557,-1.2999999999999998
379,I,3,0.4,4,37,0.39669669669669666,0.0,p,p18,2,-0.10810810810810811,0.10810810810810811,0.21621621621621623,0.32432432432432434,0.05187835048023651,0.0,0.0,1.0,4.5
380,E,3,0.4,4,37,0.39669669669669666,0.0,p,p18,2,-0.10810810810810811,0.10810810810810811,0.21621621621621623,0.32432432432432434,0.05187835048023651,0.0,0.0,0.1111111111111111,-3.5
381,E,3,0.4,4,37,0.39669669669669666,0.0,p,p18,2,-0.10810810810810811,0.10810810810810811,0.21621621621621623,0.32432432432432434,0.05187835048023651,0.0,0.0,0.1111111111111111,-3.5
382,H,3,0.4,4,37,0.39669669669669666,0.0,p,p18,2,-0.10810810810810811,0.10810810810810811,0.21621621621621623,0.32432432432432434,0.05187835048023651,0.0,0.0,0.14444444444444443,-3.2
383,L,3,0.4,4,37,0.39669669669669666,0.0,p,p18,2,-0.10810810810810811,0.10810810810810811,0.21621621621621623,0.32432432432432434,0.05187835048023651,0.0,0.0,0.9222222222222223,3.8000000000000007
384,K,3,0.4,4,37,0.39669669669669666,0.0,p,p18,2,-0.10810810810810811,0.10810810810810811,0.21621621621621623,0.32432432432432434,0.05187835048023651,0.0,0.0,0.06666666666666668,-3.9
385,A,3,0.4,4,37,0.39669669669669666,0.0,p,p18,2,-0.10810810810810811,0.10810810810810811,0.21621621621621623,0.32432432432432434,0.05187835048023651,0.0,0.0,0.7,1.7999999999999998
386,C,3,0.4,4,37,0.39669669669669666,0.0,p,p18,2,-0.10810810810810811,0.10810810810810811,0.21621621621621623,0.32432432432432434,0.05187835048023651,0.0,0.0,0.7777777777777778,2.5
387,H,3,0.4,4,37,0.39669669669669666,0.0,p,p18,2,-0.10810810810810811,0.10810810810810811,0.21621621621621623,0.32432432432432434,0.05187835048023651,0.0,0.0,0.14444444444444443,-3.2
388,R,3,0.4,4,37,0.39669669669669666,0.0,p,p18,2,-0.10810810810810811,0.10810810810810811,0.21621621621621623,0.32432432432432434,0.05187835048023651,0.0,0.0,0.0,-4.5
389,F,3,0.4,4,37,0.39669669669669666,0.0,p,p18,2,-0.10810810810810811,0.10810810810810811,0.21621621621621623,0.32432432432432434,0.05187835048023651,0.0,0.0,0.8111111111111111,2.8
390,I,3,0.4,4,37,0.39669669669669666,0.0,p,p18,2,-0.10810810810810811,0.10810810810810811,0.21621621621621623,0.32432432432432434,0.05187835048023651,0.0,0.0,1.0,4.5
391,E,3,0.4,4,37,0.39669669669669666,0.0,p,p18,2,-0.10810810810810811,0.10810810810810811,0.21621621621621623,0.32432432432432434,0.05187835048023651,0.0,0.0,0.1111111111111111,-3.5
392,E,3,0.4,4,37,0.39669669669669666,0.0,p,p18,2,-0.10810810810810811,0.10810810810810811,0.21621621621621623,0.32432432432432434,0.05187835048023651,0.0,0.0,0.1111111111111111,-3.5
393,G,3,0.4,4,37,0.39669669669669666,0.0,p,p18,2,-0.10810810810810811,0.10810810810810811,0.21621621621621623,0.32432432432432434,0.05187835048023651,0.0,0.0,0.4555555555555555,-0.40000000000000036
394,G,3,0.4,4,37,0.39669669669669666,0.0,p,p18,2,-0.10810810810810811,0.10810810810810811,0.21621621621621623,0.32432432432432434,0.05187835048023651,0.0,0.0,0.4555555555555555,-0.40000000000000036
395,Q,3,0.4,4,37,0.39669669669669666,0.0,p,p18,2,-0.10810810810810811,0.10810810810810811,0.21621621621621623,0.32432432432432434,0.05187835048023651,0.0,0.0,0.1111111111111111,-3.5
396,L,3,0.4,4,37,0.39669669669669666,0.0,p,p18,2,-0.10810810810810811,0.10810810810810811,0.21621621621621623,0.32432432432432434,0.05187835048023651,0.0,0.0,0.9222222222222223,3.8000000000000007
397,K,3,0.4,4,37,0.39669669669669666,0.0,p,p18,2,-0.10810810810810811,0.10810810810810811,0.21621621621621623,0.32432432432432434,0.05187835048023651,0.0,0.0,0.06666666666666668,-3.9
398,G,3,0.4,4,37,0.39669669669669666,0.0,p,p18,2,-0.10810810810810811,0.10810810810810811,0.21621621621621623,0.32432432432432434,0.05187835048023651,0.0,0.0,0.4555555555555555,-0.40000000000000036
399,Y,3,0.4,4,37,0.39669669669669666,0.0,p,p18,2,-0.10810810810810811,0.10810810810810811,0.21621621621621623,0.32432432432432434,0.05187835048023651,0.0,0.0,0.35555555555555557,-1.2999999999999998
400,F,3,0.4,4,7,0.6333333333333334,0.1111111111111111,h,h18a,1,-0.14285714285714285,0.0,0.14285714285714285,0.14285714285714285,-0.15909312821701793,0.77,0.0,0.8111111111111111,2.8
401,V,3,0.4,4,7,0.6333333333333334,0.1111111111111111,h,h18a,1,-0.14285714285714285,0.0,0.14285714285714285,0.14285714285714285,-0.15909312821701793,0.77,0.0,0.9666666666666666,4.199999999999999
402,W,3,0.4,4,7,0.6333333333333334,0.1111111111111111,h,h18a,1,-0.14285714285714285,0.0,0.14285714285714285,0.14285714285714285,-0.15909312821701793,0.77,0.0,0.4,-0.8999999999999999
403,S,3,0.4,4,7,0.6333333333333334,0.1111111111111111,h,h18a,1,-0.14285714285714285,0.0,0.14285714285714285,0.14285714285714285,-0.15909312821701793,0.77,0.0,0.41111111111111115,-0.7999999999999998
404,F,3,0.4,4,7,0.6333333333333334,0.1111111111111111,h,h18a,1,-0.14285714285714285,0.0,0.14285714285714285,0.14285714285714285,-0.15909312821701793,0.77,0.0,0.8111111111111111,2.8
405,L,3,0.4,4,7,0.6333333333333334,0.1111111111111111,h,h18a,1,-0.14285714285714285,0.0,0.14285714285714285,0.14285714285714285,-0.15909312821701793,0.77,0.0,0.9222222222222223,3.8000000000000007
406,D,3,0.4,4,7,0.6333333333333334,0.1111111111111111,h,h18a,1,-0.14285714285714285,0.0,0.14285714285714285,0.14285714285714285,-0.15909312821701793,0.77,0.0,0.1111111111111111,-3.5
407,N,3,0.4,4,3,0.3444444444444445,0.1111111111111111,s,s10,2,-0.3333333333333333,0.0,0.3333333333333333,0.3333333333333333,0.17716940516210977,0.0,0.0,0.1111111111111111,-3.5
408,F,3,0.4,4,3,0.3444444444444445,0.1111111111111111,s,s10,2,-0.3333333333333333,0.0,0.3333333333333333,0.3333333333333333,0.17716940516210977,0.0,0.0,0.8111111111111111,2.8
409,E,3,0.4,4,3,0.3444444444444445,0.1111111111111111,s,s10,2,-0.3333333333333333,0.0,0.3333333333333333,0.3333333333333333,0.17716940516210977,0.0,0.0,0.1111111111111111,-3.5
410,W,3,0.4,4,6,0.4537037037037037,0.35555555555555557,h,h18b,1,0.0,0.0,0.0,0.0,-0.03830898729114746,1.02,0.0,0.4,-0.8999999999999999
411,A,3,0.4,4,6,0.4537037037037037,0.35555555555555557,h,h18b,1,0.0,0.0,0.0,0.0,-0.03830898729114746,1.02,0.0,0.7,1.7999999999999998
412,W,3,0.4,4,6,0.4537037037037037,0.35555555555555557,h,h18b,1,0.0,0.0,0.0,0.0,-0.03830898729114746,1.02,0.0,0.4,-0.8999999999999999
413,G,3,0.4,4,6,0.4537037037037037,0.35555555555555557,h,h18b,1,0.0,0.0,0.0,0.0,-0.03830898729114746,1.02,0.0,0.4555555555555555,-0.40000000000000036
414,Y,3,0.4,4,6,0.4537037037037037,0.35555555555555557,h,h18b,1,0.0,0.0,0.0,0.0,-0.03830898729114746,1.02,0.0,0.35555555555555557,-1.2999999999999998
415,S,3,0.4,4,6,0.4537037037037037,0.35555555555555557,h,h18b,1,0.0,0.0,0.0,0.0,-0.03830898729114746,1.02,0.0,0.41111111111111115,-0.7999999999999998
416,K,3,0.4,4,3,0.29259259259259257,0.0,s,s11,5,0.6666666666666666,0.6666666666666666,0.0,0.6666666666666666,0.3386178337379526,0.0,0.0,0.06666666666666668,-3.9
417,R,3,0.4,4,3,0.29259259259259257,0.0,s,s11,5,0.6666666666666666,0.6666666666666666,0.0,0.6666666666666666,0.3386178337379526,0.0,0.0,0.0,-4.5
418,F,3,0.4,4,3,0.29259259259259257,0.0,s,s11,5,0.6666666666666666,0.6666666666666666,0.0,0.6666666666666666,0.3386178337379526,0.0,0.0,0.8111111111111111,2.8
419,G,3,0.4,4,7,0.5761904761904761,0.1111111111111111,h,h18c,1,0.0,0.0,0.0,0.0,-0.15358950929687507,0.77,0.0,0.4555555555555555,-0.40000000000000036
420,I,3,0.4,4,7,0.5761904761904761,0.1111111111111111,h,h18c,1,0.0,0.0,0.0,0.0,-0.15358950929687507,0.77,0.0,1.0,4.5
421,V,3,0.4,4,7,0.5761904761904761,0.1111111111111111,h,h18c,1,0.0,0.0,0.0,0.0,-0.15358950929687507,0.77,0.0,0.9666666666666666,4.199999999999999
422,H,3,0.4,4,7,0.5761904761904761,0.1111111111111111,h,h18c,1,0.0,0.0,0.0,0.0,-0.15358950929687507,0.77,0.0,0.14444444444444443,-3.2
423,I,3,0.4,4,7,0.5761904761904761,0.1111111111111111,h,h18c,1,0.0,0.0,0.0,0.0,-0.15358950929687507,0.77,0.0,1.0,4.5
424,N,3,0.4,4,7,0.5761904761904761,0.1111111111111111,h,h18c,1,0.0,0.0,0.0,0.0,-0.15358950929687507,0.77,0.0,0.1111111111111111,-3.5
425,Y,3,0.4,4,7,0.5761904761904761,0.1111111111111111,h,h18c,1,0.0,0.0,0.0,0.0,-0.15358950929687507,0.77,0.0,0.35555555555555557,-1.2999999999999998
426,E,3,0.4,4,10,0.2088888888888889,0.0,p,p19,3,0.0,0.2,0.2,0.4,0.19210266511511687,0.0,0.0,0.1111111111111111,-3.5
427,T,3,0.4,4,10,0.2088888888888889,0.0,p,p19,3,0.0,0.2,0.2,0.4,0.19210266511511687,0.0,0.0,0.4222222222222222,-0.7000000000000002
428,Q,3,0.4,4,10,0.2088888888888889,0.0,p,p19,3,0.0,0.2,0.2,0.4,0.19210266511511687,0.0,0.0,0.1111111111111111,-3.5
429,E,3,0.4,4,10,0.2088888888888889,0.0,p,p19,3,0.0,0.2,0.2,0.4,0.19210266511511687,0.0,0.0,0.1111111111111111,-3.5
430,R,3,0.4,4,10,0.2088888888888889,0.0,p,p19,3,0.0,0.2,0.2,0.4,0.19210266511511687,0.0,0.0,0.0,-4.5
431,T,3,0.4,4,10,0.2088888888888889,0.0,p,p19,3,0.0,0.2,0.2,0.4,0.19210266511511687,0.0,0.0,0.4222222222222222,-0.7000000000000002
432,P,3,0.4,4,10,0.2088888888888889,0.0,p,p19,3,0.0,0.2,0.2,0.4,0.19210266511511687,0.0,0.0,0.3222222222222222,-1.6000000000000005
433,K,3,0.4,4,10,0.2088888888888889,0.0,p,p19,3,0.0,0.2,0.2,0.4,0.19210266511511687,0.0,0.0,0.06666666666666668,-3.9
434,Q,3,0.4,4,10,0.2088888888888889,0.0,p,p19,3,0.0,0.2,0.2,0.4,0.19210266511511687,0.0,0.0,0.1111111111111111,-3.5
435,S,3,0.4,4,10,0.2088888888888889,0.0,p,p19,3,0.0,0.2,0.2,0.4,0.19210266511511687,0.0,0.0,0.41111111111111115,-0.7999999999999998
436,A,3,0.4,4,5,0.58,0.06666666666666668,h,h19,1,0.2,0.2,0.0,0.2,-0.08958660529339108,0.75,0.0,0.7,1.7999999999999998
437,L,3,0.4,4,5,0.58,0.06666666666666668,h,h19,1,0.2,0.2,0.0,0.2,-0.08958660529339108,0.75,0.0,0.9222222222222223,3.8000000000000007
438,W,3,0.4,4,5,0.58,0.06666666666666668,h,h19,1,0.2,0.2,0.0,0.2,-0.08958660529339108,0.75,0.0,0.4,-0.8999999999999999
439,F,3,0.4,4,5,0.58,0.06666666666666668,h,h19,1,0.2,0.2,0.0,0.2,-0.08958660529339108,0.75,0.0,0.8111111111111111,2.8
440,K,3,0.4,4,5,0.58,0.06666666666666668,h,h19,1,0.2,0.2,0.0,0.2,-0.08958660529339108,0.75,0.0,0.06666666666666668,-3.9
441,Q,3,0.4,4,8,0.45972222222222225,0.06666666666666668,p,p20,1,0.125,0.125,0.0,0.125,-0.0017307299079305958,0.0,0.0,0.1111111111111111,-3.5
442,M,3,0.4,4,8,0.45972222222222225,0.06666666666666668,p,p20,1,0.125,0.125,0.0,0.125,-0.0017307299079305958,0.0,0.0,0.7111111111111111,1.9000000000000004
443,M,3,0.4,4,8,0.45972222222222225,0.06666666666666668,p,p20,1,0.125,0.125,0.0,0.125,-0.0017307299079305958,0.0,0.0,0.7111111111111111,1.9000000000000004
444,A,3,0.4,4,8,0.45972222222222225,0.06666666666666668,p,p20,1,0.125,0.125,0.0,0.125,-0.0017307299079305958,0.0,0.0,0.7,1.7999999999999998
445,K,3,0.4,4,8,0.45972222222222225,0.06666666666666668,p,p20,1,0.125,0.125,0.0,0.125,-0.0017307299079305958,0.0,0.0,0.06666666666666668,-3.9
446,N,3,0.4,4,8,0.45972222222222225,0.06666666666666668,p,p20,1,0.125,0.125,0.0,0.125,-0.0017307299079305958,0.0,0.0,0.1111111111111111,-3.5
447,G,3,0.4,4,8,0.45972222222222225,0.06666666666666668,p,p20,1,0.125,0.125,0.0,0.125,-0.0017307299079305958,0.0,0.0,0.4555555555555555,-0.40000000000000036
448,F,3,0.4,4,8,0.45972222222222225,0.06666666666666668,p,p20,1,0.125,0.125,0.0,0.125,-0.0017307299079305958,0.0,0.0,0.8111111111111111,2.8
