Residue_Number,Residue_Name,Window,Hydropathy_Cutoff,Minimum_Blob_Length,blob_length,Normalized_Mean_Blob_Hydropathy,Min_Blob_Hydropathy,Blob_Type,Blob_Index_Number,Blob_Das-Pappu_Class,Blob_NCPR,Fraction_of_Positively_Charged_Residues,Fraction_of_Negatively_Charged_Residues,Fraction_of_Charged_Residues,Uversky_Diagram_Score,dSNP_enrichment,Blob_Disorder,Normalized_Kyte-Doolittle_hydropathy,Kyte-Doolittle_hydropathy
1,V,3,0.4,4,10,0.5655555555555555,0.1111111111111111,h,h1,1,-0.2,0.0,0.2,0.2,-0.07599196922100938,0.9,0.0,0.9666666666666666,4.199999999999999
2,I,3,0.4,4,10,0.5655555555555555,0.1111111111111111,h,h1,1,-0.2,0.0,0.2,0.2,-0.07599196922100938,0.9,0.0,1.0,4.5
3,N,3,0.4,4,10,0.5655555555555555,0.1111111111111111,h,h1,1,-0.2,0.0,0.2,0.2,-0.07599196922100938,0.9,0.0,0.1111111111111111,-3.5
4,T,3,0.4,4,10,0.5655555555555555,0.1111111111111111,h,h1,1,-0.2,0.0,0.2,0.2,-0.07599196922100938,0.9,0.0,0.4222222222222222,-0.7000000000000002
5,F,3,0.4,4,10,0.5655555555555555,0.1111111111111111,h,h1,1,-0.2,0.0,0.2,0.2,-0.07599196922100938,0.9,0.0,0.8111111111111111,2.8
6,D,3,0.4,4,10,0.5655555555555555,0.1111111111111111,h,h1,1,-0.2,0.0,0.2,0.2,-0.07599196922100938,0.9,0.0,0.1111111111111111,-3.5
7,G,3,0.4,4,10,0.5655555555555555,0.1111111111111111,h,h1,1,-0.2,0.0,0.2,0.2,-0.07599196922100938,0.9,0.0,0.4555555555555555,-0.40000000000000036
8,V,3,0.4,4,10,0.5655555555555555,0.1111111111111111,h,h1,1,-0.2,0.0,0.2,0.2,-0.07599196922100938,0.9,0.0,0.9666666666666666,4.199999999999999
9,A,3,0.4,4,10,0.5655555555555555,0.1111111111111111,h,h1,1,-0.2,0.0,0.2,0.2,-0.07599196922100938,0.9,0.0,0.7,1.7999999999999998
10,D,3,0.4,4,10,0.5655555555555555,0.1111111111111111,h,h1,1,-0.2,0.0,0.2,0.2,-0.07599196922100938,0.9,0.0,0.1111111111111111,-3.5
11,Y,3,0.4,4,19,0.3695906432748538,0.06666666666666668,p,p1,1,0.0,0.10526315789473684,0.10526315789473684,0.21052631578947367,0.04085545893331553,0.0,0.0,0.35555555555555557,-1.2999999999999998
12,L,3,0.4,4,19,0.3695906432748538,0.06666666666666668,p,p1,1,0.0,0.10526315789473684,0.10526315789473684,0.21052631578947367,0.04085545893331553,0.0,0.0,0.9222222222222223,3.8000000000000007
13,Q,3,0.4,4,19,0.3695906432748538,0.06666666666666668,p,p1,1,0.0,0.10526315789473684,0.10526315789473684,0.21052631578947367,0.04085545893331553,0.0,0.0,0.1111111111111111,-3.5
14,T,3,0.4,4,19,0.3695906432748538,0.06666666666666668,p,p1,1,0.0,0.10526315789473684,0.10526315789473684,0.21052631578947367,0.04085545893331553,0.0,0.0,0.4222222222222222,-0.7000000000000002
15,Y,3,0.4,4,19,0.3695906432748538,0.06666666666666668,p,p1,1,0.0,0.10526315789473684,0.10526315789473684,0.21052631578947367,0.04085545893331553,0.0,0.0,0.35555555555555557,-1.2999999999999998
16,H,3,0.4,4,19,0.3695906432748538,0.06666666666666668,p,p1,1,0.0,0.10526315789473684,0.10526315789473684,0.21052631578947367,0.04085545893331553,0.0,0.0,0.14444444444444443,-3.2
17,K,3,0.4,4,19,0.3695906432748538,0.06666666666666668,p,p1,1,0.0,0.10526315789473684,0.10526315789473684,0.21052631578947367,0.04085545893331553,0.0,0.0,0.06666666666666668,-3.9
18,L,3,0.4,4,19,0.3695906432748538,0.06666666666666668,p,p1,1,0.0,0.10526315789473684,0.10526315789473684,0.21052631578947367,0.04085545893331553,0.0,0.0,0.9222222222222223,3.8000000000000007
19,P,3,0.4,4,19,0.3695906432748538,0.06666666666666668,p,p1,1,0.0,0.10526315789473684,0.10526315789473684,0.21052631578947367,0.04085545893331553,0.0,0.0,0.3222222222222222,-1.6000000000000005
20,D,3,0.4,4,19,0.3695906432748538,0.06666666666666668,p,p1,1,0.0,0.10526315789473684,0.10526315789473684,0.21052631578947367,0.04085545893331553,0.0,0.0,0.1111111111111111,-3.5
21,N,3,0.4,4,19,0.3695906432748538,0.06666666666666668,p,p1,1,0.0,0.10526315789473684,0.10526315789473684,0.21052631578947367,0.04085545893331553,0.0,0.0,0.1111111111111111,-3.5
22,Y,3,0.4,4,19,0.3695906432748538,0.06666666666666668,p,p1,1,0.0,0.10526315789473684,0.10526315789473684,0.21052631578947367,0.04085545893331553,0.0,0.0,0.35555555555555557,-1.2999999999999998
23,I,3,0.4,4,19,0.3695906432748538,0.06666666666666668,p,p1,1,0.0,0.10526315789473684,0.10526315789473684,0.21052631578947367,0.04085545893331553,0.0,0.0,1.0,4.5
24,T,3,0.4,4,19,0.3695906432748538,0.06666666666666668,p,p1,1,0.0,0.10526315789473684,0.10526315789473684,0.21052631578947367,0.04085545893331553,0.0,0.0,0.4222222222222222,-0.7000000000000002
25,K,3,0.4,4,19,0.3695906432748538,0.06666666666666668,p,p1,1,0.0,0.10526315789473684,0.10526315789473684,0.21052631578947367,0.04085545893331553,0.0,0.0,0.06666666666666668,-3.9
26,S,3,0.4,4,19,0.3695906432748538,0.06666666666666668,p,p1,1,0.0,0.10526315789473684,0.10526315789473684,0.21052631578947367,0.04085545893331553,0.0,0.0,0.41111111111111115,-0.7999999999999998
27,E,3,0.4,4,19,0.3695906432748538,0.06666666666666668,p,p1,1,0.0,0.10526315789473684,0.10526315789473684,0.21052631578947367,0.04085545893331553,0.0,0.0,0.1111111111111111,-3.5
28,A,3,0.4,4,19,0.3695906432748538,0.06666666666666668,p,p1,1,0.0,0.10526315789473684,0.10526315789473684,0.21052631578947367,0.04085545893331553,0.0,0.0,0.7,1.7999999999999998
29,Q,3,0.4,4,19,0.3695906432748538,0.06666666666666668,p,p1,1,0.0,0.10526315789473684,0.10526315789473684,0.21052631578947367,0.04085545893331553,0.0,0.0,0.1111111111111111,-3.5
30,A,3,0.4,4,7,0.6507936507936508,0.4,h,h2a,1,0.0,0.0,0.0,0.0,-0.22380356373664878,1.11,0.0,0.7,1.7999999999999998
31,L,3,0.4,4,7,0.6507936507936508,0.4,h,h2a,1,0.0,0.0,0.0,0.0,-0.22380356373664878,1.11,0.0,0.9222222222222223,3.8000000000000007
32,G,3,0.4,4,7,0.6507936507936508,0.4,h,h2a,1,0.0,0.0,0.0,0.0,-0.22380356373664878,1.11,0.0,0.4555555555555555,-0.40000000000000036
33,W,3,0.4,4,7,0.6507936507936508,0.4,h,h2a,1,0.0,0.0,0.0,0.0,-0.22380356373664878,1.11,0.0,0.4,-0.8999999999999999
34,V,3,0.4,4,7,0.6507936507936508,0.4,h,h2a,1,0.0,0.0,0.0,0.0,-0.22380356373664878,1.11,0.0,0.9666666666666666,4.199999999999999
35,A,3,0.4,4,7,0.6507936507936508,0.4,h,h2a,1,0.0,0.0,0.0,0.0,-0.22380356373664878,1.11,0.0,0.7,1.7999999999999998
36,S,3,0.4,4,7,0.6507936507936508,0.4,h,h2a,1,0.0,0.0,0.0,0.0,-0.22380356373664878,1.11,0.0,0.41111111111111115,-0.7999999999999998
37,K,3,0.4,4,3,0.2111111111111111,0.06666666666666668,s,s1,2,0.3333333333333333,0.3333333333333333,0.0,0.3333333333333333,0.3026583535225564,0.0,0.0,0.06666666666666668,-3.9
38,G,3,0.4,4,3,0.2111111111111111,0.06666666666666668,s,s1,2,0.3333333333333333,0.3333333333333333,0.0,0.3333333333333333,0.3026583535225564,0.0,0.0,0.4555555555555555,-0.40000000000000036
39,N,3,0.4,4,3,0.2111111111111111,0.06666666666666668,s,s1,2,0.3333333333333333,0.3333333333333333,0.0,0.3333333333333333,0.3026583535225564,0.0,0.0,0.1111111111111111,-3.5
40,L,3,0.4,4,7,0.5968253968253967,0.1111111111111111,h,h2b,1,-0.14285714285714285,0.0,0.14285714285714285,0.14285714285714285,-0.12473305902308594,0.77,0.0,0.9222222222222223,3.8000000000000007
41,A,3,0.4,4,7,0.5968253968253967,0.1111111111111111,h,h2b,1,-0.14285714285714285,0.0,0.14285714285714285,0.14285714285714285,-0.12473305902308594,0.77,0.0,0.7,1.7999999999999998
42,D,3,0.4,4,7,0.5968253968253967,0.1111111111111111,h,h2b,1,-0.14285714285714285,0.0,0.14285714285714285,0.14285714285714285,-0.12473305902308594,0.77,0.0,0.1111111111111111,-3.5
43,V,3,0.4,4,7,0.5968253968253967,0.1111111111111111,h,h2b,1,-0.14285714285714285,0.0,0.14285714285714285,0.14285714285714285,-0.12473305902308594,0.77,0.0,0.9666666666666666,4.199999999999999
44,A,3,0.4,4,7,0.5968253968253967,0.1111111111111111,h,h2b,1,-0.14285714285714285,0.0,0.14285714285714285,0.14285714285714285,-0.12473305902308594,0.77,0.0,0.7,1.7999999999999998
45,P,3,0.4,4,7,0.5968253968253967,0.1111111111111111,h,h2b,1,-0.14285714285714285,0.0,0.14285714285714285,0.14285714285714285,-0.12473305902308594,0.77,0.0,0.3222222222222222,-1.6000000000000005
46,G,3,0.4,4,7,0.5968253968253967,0.1111111111111111,h,h2b,1,-0.14285714285714285,0.0,0.14285714285714285,0.14285714285714285,-0.12473305902308594,0.77,0.0,0.4555555555555555,-0.40000000000000036
47,K,3,0.4,4,6,0.4166666666666667,0.06666666666666668,p,p2,2,0.0,0.16666666666666666,0.16666666666666666,0.3333333333333333,-0.0034509460799123175,0.0,0.0,0.06666666666666668,-3.9
48,S,3,0.4,4,6,0.4166666666666667,0.06666666666666668,p,p2,2,0.0,0.16666666666666666,0.16666666666666666,0.3333333333333333,-0.0034509460799123175,0.0,0.0,0.41111111111111115,-0.7999999999999998
49,I,3,0.4,4,6,0.4166666666666667,0.06666666666666668,p,p2,2,0.0,0.16666666666666666,0.16666666666666666,0.3333333333333333,-0.0034509460799123175,0.0,0.0,1.0,4.5
50,G,3,0.4,4,6,0.4166666666666667,0.06666666666666668,p,p2,2,0.0,0.16666666666666666,0.16666666666666666,0.3333333333333333,-0.0034509460799123175,0.0,0.0,0.4555555555555555,-0.40000000000000036
51,G,3,0.4,4,6,0.4166666666666667,0.06666666666666668,p,p2,2,0.0,0.16666666666666666,0.16666666666666666,0.3333333333333333,-0.0034509460799123175,0.0,0.0,0.4555555555555555,-0.40000000000000036
52,D,3,0.4,4,6,0.4166666666666667,0.06666666666666668,p,p2,2,0.0,0.16666666666666666,0.16666666666666666,0.3333333333333333,-0.0034509460799123175,0.0,0.0,0.1111111111111111,-3.5
53,I,3,0.4,4,4,0.5833333333333334,0.1111111111111111,h,h3,1,0.0,0.0,0.0,0.0,-0.1603121315304705,0.43,0.0,1.0,4.5
54,F,3,0.4,4,4,0.5833333333333334,0.1111111111111111,h,h3,1,0.0,0.0,0.0,0.0,-0.1603121315304705,0.43,0.0,0.8111111111111111,2.8
55,S,3,0.4,4,4,0.5833333333333334,0.1111111111111111,h,h3,1,0.0,0.0,0.0,0.0,-0.1603121315304705,0.43,0.0,0.41111111111111115,-0.7999999999999998
56,N,3,0.4,4,4,0.5833333333333334,0.1111111111111111,h,h3,1,0.0,0.0,0.0,0.0,-0.1603121315304705,0.43,0.0,0.1111111111111111,-3.5
57,R,3,0.4,4,36,0.35617283950617284,0.0,p,p3,2,0.05555555555555555,0.19444444444444445,0.1388888888888889,0.33333333333333337,0.07225838304512401,0.0,0.0,0.0,-4.5
58,E,3,0.4,4,36,0.35617283950617284,0.0,p,p3,2,0.05555555555555555,0.19444444444444445,0.1388888888888889,0.33333333333333337,0.07225838304512401,0.0,0.0,0.1111111111111111,-3.5
59,G,3,0.4,4,36,0.35617283950617284,0.0,p,p3,2,0.05555555555555555,0.19444444444444445,0.1388888888888889,0.33333333333333337,0.07225838304512401,0.0,0.0,0.4555555555555555,-0.40000000000000036
60,K,3,0.4,4,36,0.35617283950617284,0.0,p,p3,2,0.05555555555555555,0.19444444444444445,0.1388888888888889,0.33333333333333337,0.07225838304512401,0.0,0.0,0.06666666666666668,-3.9
61,L,3,0.4,4,36,0.35617283950617284,0.0,p,p3,2,0.05555555555555555,0.19444444444444445,0.1388888888888889,0.33333333333333337,0.07225838304512401,0.0,0.0,0.9222222222222223,3.8000000000000007
62,P,3,0.4,4,36,0.35617283950617284,0.0,p,p3,2,0.05555555555555555,0.19444444444444445,0.1388888888888889,0.33333333333333337,0.07225838304512401,0.0,0.0,0.3222222222222222,-1.6000000000000005
63,G,3,0.4,4,36,0.35617283950617284,0.0,p,p3,2,0.05555555555555555,0.19444444444444445,0.1388888888888889,0.33333333333333337,0.07225838304512401,0.0,0.0,0.4555555555555555,-0.40000000000000036
64,K,3,0.4,4,36,0.35617283950617284,0.0,p,p3,2,0.05555555555555555,0.19444444444444445,0.1388888888888889,0.33333333333333337,0.07225838304512401,0.0,0.0,0.06666666666666668,-3.9
65,S,3,0.4,4,36,0.35617283950617284,0.0,p,p3,2,0.05555555555555555,0.19444444444444445,0.1388888888888889,0.33333333333333337,0.07225838304512401,0.0,0.0,0.41111111111111115,-0.7999999999999998
66,G,3,0.4,4,36,0.35617283950617284,0.0,p,p3,2,0.05555555555555555,0.19444444444444445,0.1388888888888889,0.33333333333333337,0.07225838304512401,0.0,0.0,0.4555555555555555,-0.40000000000000036
67,R,3,0.4,4,36,0.35617283950617284,0.0,p,p3,2,0.05555555555555555,0.19444444444444445,0.1388888888888889,0.33333333333333337,0.07225838304512401,0.0,0.0,0.0,-4.5
68,T,3,0.4,4,36,0.35617283950617284,0.0,p,p3,2,0.05555555555555555,0.19444444444444445,0.1388888888888889,0.33333333333333337,0.07225838304512401,0.0,0.0,0.4222222222222222,-0.7000000000000002
69,W,3,0.4,4,36,0.35617283950617284,0.0,p,p3,2,0.05555555555555555,0.19444444444444445,0.1388888888888889,0.33333333333333337,0.07225838304512401,0.0,0.0,0.4,-0.8999999999999999
70,R,3,0.4,4,36,0.35617283950617284,0.0,p,p3,2,0.05555555555555555,0.19444444444444445,0.1388888888888889,0.33333333333333337,0.07225838304512401,0.0,0.0,0.0,-4.5
71,E,3,0.4,4,36,0.35617283950617284,0.0,p,p3,2,0.05555555555555555,0.19444444444444445,0.1388888888888889,0.33333333333333337,0.07225838304512401,0.0,0.0,0.1111111111111111,-3.5
72,A,3,0.4,4,36,0.35617283950617284,0.0,p,p3,2,0.05555555555555555,0.19444444444444445,0.1388888888888889,0.33333333333333337,0.07225838304512401,0.0,0.0,0.7,1.7999999999999998
73,D,3,0.4,4,36,0.35617283950617284,0.0,p,p3,2,0.05555555555555555,0.19444444444444445,0.1388888888888889,0.33333333333333337,0.07225838304512401,0.0,0.0,0.1111111111111111,-3.5
74,I,3,0.4,4,36,0.35617283950617284,0.0,p,p3,2,0.05555555555555555,0.19444444444444445,0.1388888888888889,0.33333333333333337,0.07225838304512401,0.0,0.0,1.0,4.5
75,N,3,0.4,4,36,0.35617283950617284,0.0,p,p3,2,0.05555555555555555,0.19444444444444445,0.1388888888888889,0.33333333333333337,0.07225838304512401,0.0,0.0,0.1111111111111111,-3.5
76,Y,3,0.4,4,36,0.35617283950617284,0.0,p,p3,2,0.05555555555555555,0.19444444444444445,0.1388888888888889,0.33333333333333337,0.07225838304512401,0.0,0.0,0.35555555555555557,-1.2999999999999998
77,T,3,0.4,4,36,0.35617283950617284,0.0,p,p3,2,0.05555555555555555,0.19444444444444445,0.1388888888888889,0.33333333333333337,0.07225838304512401,0.0,0.0,0.4222222222222222,-0.7000000000000002
78,S,3,0.4,4,36,0.35617283950617284,0.0,p,p3,2,0.05555555555555555,0.19444444444444445,0.1388888888888889,0.33333333333333337,0.07225838304512401,0.0,0.0,0.41111111111111115,-0.7999999999999998
79,G,3,0.4,4,36,0.35617283950617284,0.0,p,p3,2,0.05555555555555555,0.19444444444444445,0.1388888888888889,0.33333333333333337,0.07225838304512401,0.0,0.0,0.4555555555555555,-0.40000000000000036
80,F,3,0.4,4,36,0.35617283950617284,0.0,p,p3,2,0.05555555555555555,0.19444444444444445,0.1388888888888889,0.33333333333333337,0.07225838304512401,0.0,0.0,0.8111111111111111,2.8
81,R,3,0.4,4,36,0.35617283950617284,0.0,p,p3,2,0.05555555555555555,0.19444444444444445,0.1388888888888889,0.33333333333333337,0.07225838304512401,0.0,0.0,0.0,-4.5
82,N,3,0.4,4,36,0.35617283950617284,0.0,p,p3,2,0.05555555555555555,0.19444444444444445,0.1388888888888889,0.33333333333333337,0.07225838304512401,0.0,0.0,0.1111111111111111,-3.5
83,S,3,0.4,4,36,0.35617283950617284,0.0,p,p3,2,0.05555555555555555,0.19444444444444445,0.1388888888888889,0.33333333333333337,0.07225838304512401,0.0,0.0,0.41111111111111115,-0.7999999999999998
84,D,3,0.4,4,36,0.35617283950617284,0.0,p,p3,2,0.05555555555555555,0.19444444444444445,0.1388888888888889,0.33333333333333337,0.07225838304512401,0.0,0.0,0.1111111111111111,-3.5
85,R,3,0.4,4,36,0.35617283950617284,0.0,p,p3,2,0.05555555555555555,0.19444444444444445,0.1388888888888889,0.33333333333333337,0.07225838304512401,0.0,0.0,0.0,-4.5
86,I,3,0.4,4,36,0.35617283950617284,0.0,p,p3,2,0.05555555555555555,0.19444444444444445,0.1388888888888889,0.33333333333333337,0.07225838304512401,0.0,0.0,1.0,4.5
87,L,3,0.4,4,36,0.35617283950617284,0.0,p,p3,2,0.05555555555555555,0.19444444444444445,0.1388888888888889,0.33333333333333337,0.07225838304512401,0.0,0.0,0.9222222222222223,3.8000000000000007
88,Y,3,0.4,4,36,0.35617283950617284,0.0,p,p3,2,0.05555555555555555,0.19444444444444445,0.1388888888888889,0.33333333333333337,0.07225838304512401,0.0,0.0,0.35555555555555557,-1.2999999999999998
89,S,3,0.4,4,36,0.35617283950617284,0.0,p,p3,2,0.05555555555555555,0.19444444444444445,0.1388888888888889,0.33333333333333337,0.07225838304512401,0.0,0.0,0.41111111111111115,-0.7999999999999998
90,S,3,0.4,4,36,0.35617283950617284,0.0,p,p3,2,0.05555555555555555,0.19444444444444445,0.1388888888888889,0.33333333333333337,0.07225838304512401,0.0,0.0,0.41111111111111115,-0.7999999999999998
91,D,3,0.4,4,36,0.35617283950617284,0.0,p,p3,2,0.05555555555555555,0.19444444444444445,0.1388888888888889,0.33333333333333337,0.07225838304512401,0.0,0.0,0.1111111111111111,-3.5
92,W,3,0.4,4,36,0.35617283950617284,0.0,p,p3,2,0.05555555555555555,0.19444444444444445,0.1388888888888889,0.33333333333333337,0.07225838304512401,0.0,0.0,0.4,-0.8999999999999999
93,L,3,0.4,4,4,0.5861111111111111,0.06666666666666668,h,h4,2,0.25,0.25,0.0,0.25,-0.07844110646122794,0.6,0.0,0.9222222222222223,3.8000000000000007
94,I,3,0.4,4,4,0.5861111111111111,0.06666666666666668,h,h4,2,0.25,0.25,0.0,0.25,-0.07844110646122794,0.6,0.0,1.0,4.5
95,Y,3,0.4,4,4,0.5861111111111111,0.06666666666666668,h,h4,2,0.25,0.25,0.0,0.25,-0.07844110646122794,0.6,0.0,0.35555555555555557,-1.2999999999999998
96,K,3,0.4,4,4,0.5861111111111111,0.06666666666666668,h,h4,2,0.25,0.25,0.0,0.25,-0.07844110646122794,0.6,0.0,0.06666666666666668,-3.9
97,T,3,0.4,4,7,0.3634920634920635,0.1111111111111111,p,p4,1,-0.14285714285714285,0.0,0.14285714285714285,0.14285714285714285,0.09487260060769544,0.0,0.0,0.4222222222222222,-0.7000000000000002
98,T,3,0.4,4,7,0.3634920634920635,0.1111111111111111,p,p4,1,-0.14285714285714285,0.0,0.14285714285714285,0.14285714285714285,0.09487260060769544,0.0,0.0,0.4222222222222222,-0.7000000000000002
99,D,3,0.4,4,7,0.3634920634920635,0.1111111111111111,p,p4,1,-0.14285714285714285,0.0,0.14285714285714285,0.14285714285714285,0.09487260060769544,0.0,0.0,0.1111111111111111,-3.5
100,A,3,0.4,4,7,0.3634920634920635,0.1111111111111111,p,p4,1,-0.14285714285714285,0.0,0.14285714285714285,0.14285714285714285,0.09487260060769544,0.0,0.0,0.7,1.7999999999999998
101,Y,3,0.4,4,7,0.3634920634920635,0.1111111111111111,p,p4,1,-0.14285714285714285,0.0,0.14285714285714285,0.14285714285714285,0.09487260060769544,0.0,0.0,0.35555555555555557,-1.2999999999999998
102,Q,3,0.4,4,7,0.3634920634920635,0.1111111111111111,p,p4,1,-0.14285714285714285,0.0,0.14285714285714285,0.14285714285714285,0.09487260060769544,0.0,0.0,0.1111111111111111,-3.5
103,T,3,0.4,4,7,0.3634920634920635,0.1111111111111111,p,p4,1,-0.14285714285714285,0.0,0.14285714285714285,0.14285714285714285,0.09487260060769544,0.0,0.0,0.4222222222222222,-0.7000000000000002
104,F,3,0.4,4,4,0.575,0.06666666666666668,h,h5,2,0.25,0.25,0.0,0.25,-0.06798369409785733,0.6,0.0,0.8111111111111111,2.8
105,T,3,0.4,4,4,0.575,0.06666666666666668,h,h5,2,0.25,0.25,0.0,0.25,-0.06798369409785733,0.6,0.0,0.4222222222222222,-0.7000000000000002
106,K,3,0.4,4,4,0.575,0.06666666666666668,h,h5,2,0.25,0.25,0.0,0.25,-0.06798369409785733,0.6,0.0,0.06666666666666668,-3.9
107,I,3,0.4,4,4,0.575,0.06666666666666668,h,h5,2,0.25,0.25,0.0,0.25,-0.06798369409785733,0.6,0.0,1.0,4.5
108,R,3,0.4,4,1,0.0,0.0,s,s2,5,1.0,1.0,0.0,1.0,0.7266435301868239,0.0,0.0,0.0,-4.5
